112 73  199 
225 198 168 
189 254 175 
110 43  185 
174 32  75  
242 118 178 
21  85  81  
88  189 208 
194 153 125 
74  105 165 
148 146 40  
232 143 149 
132 223 199 
213 78  43  
43  22  130 
228 63  90  
111 47  101 
16  24  19  
92  137 219 
136 6   171 
80  209 110 
233 116 12  
9   115 7   
8   60  169 
50  86  31  
214 109 163 
129 27  160 
69  44  169 
136 19  105 
51  93  122 
199 164 178 
205 25  13  
156 221 190 
225 22  202 
37  100 164 
24  143 97  
55  5   23  
27  81  26  
240 135 105 
1   239 184 
145 150 73  
155 86  64  
157 228 232 
130 53  72  
123 205 137 
237 236 153 
4   31  168 
180 11  68  
202 217 60  
18  131 132 
243 255 191 
5   19  249 
5   211 3   
88  159 36  
246 17  252 
186 112 44  
82  0   6   
120 135 85  
101 125 82  
168 149 178 
158 69  127 
240 47  238 
173 39  135 
46  82  80  
11  234 138 
162 98  57  
226 9   30  
118 27  212 
158 147 43  
173 50  175 
133 207 129 
235 154 115 
40  122 160 
139 164 248 
146 179 114 
253 120 101 
116 241 232 
108 151 34  
205 155 179 
19  103 190 
179 24  147 
209 245 31  
77  112 244 
209 115 143 
36  218 203 
107 29  132 
72  192 252 
139 137 61  
6   45  163 
53  143 128 
32  151 27  
8   72  32  
194 137 159 
207 217 26  
174 154 206 
123 6   95  
84  168 131 
29  192 174 
206 100 179 
190 37  10  
250 128 95  
32  178 169 
42  36  176 
208 152 120 
32  126 218 
19  107 132 
75  119 95  
145 176 227 
138 3   189 
201 230 254 
220 130 188 
187 43  65  
194 35  195 
70  134 157 
64  84  16  
36  126 100 
195 156 160 
155 133 102 
87  122 32  
50  97  85  
231 20  79  
6   156 219 
140 226 145 
158 155 236 
14  151 160 
73  243 52  
34  244 158 
108 15  179 
15  80  0   
74  74  226 
191 238 253 
41  7   252 
99  133 138 
235 104 65  
56  128 14  
103 191 64  
15  216 78  
43  196 155 
159 167 69  
118 52  187 
210 187 225 
125 114 101 
138 206 217 
99  46  68  
143 52  36  
104 79  180 
165 34  174 
54  139 113 
253 210 88  
95  111 1   
122 53  127 
103 206 235 
140 239 98  
226 198 29  
127 214 78  
160 231 14  
153 39  91  
213 22  118 
96  46  16  
185 67  196 
213 24  91  
32  24  139 
142 30  148 
240 22  162 
242 91  133 
135 237 173 
7   216 180 
104 232 67  
143 193 86  
202 198 247 
103 188 191 
228 94  228 
102 210 42  
0   209 143 
47  117 37  
196 73  64  
179 130 14  
48  103 30  
84  82  99  
63  244 173 
231 53  205 
48  116 140 
11  233 49  
225 169 120 
141 245 52  
194 38  0   
210 234 234 
72  132 125 
123 241 168 
236 216 23  
194 64  59  
26  123 9   
61  57  234 
151 64  99  
19  109 14  
73  173 243 
190 184 41  
107 216 38  
239 38  185 
139 235 248 
56  114 72  
233 137 79  
123 45  98  
19  132 87  
93  254 112 
201 158 180 
35  111 181 
148 84  173 
197 69  217 
149 230 145 
37  94  201 
119 15  17  
155 123 213 
134 43  65  
96  143 78  
90  201 115 
131 94  29  
158 211 59  
93  150 251 
204 201 49  
205 174 94  
6   212 79  
158 33  55  
71  143 251 
223 236 6   
169 220 32  
37  83  5   
110 35  232 
223 86  75  
16  193 228 
72  98  53  
136 159 216 
160 33  125 
127 38  91  
179 115 200 
59  255 11  
207 248 141 
81  110 13  
189 181 163 
140 39  2   
94  181 221 
144 229 199 
239 188 119 
22  53  149 
47  94  72  
216 44  87  
210 31  239 
137 8   85  
4   98  116 
109 229 134 
248 83  27  
102 16  35  
166 20  87  
154 159 86  
77  202 28  
249 87  17  
84  103 7   
75  4   124 
158 71  17  
150 207 120 
110 235 198 
237 64  32  
105 131 64  
23  222 90  
97  8   77  
133 180 211 
231 6   136 
148 39  249 
213 120 87  
15  219 208 
87  62  6   
100 154 183 
21  10  113 
25  123 119 
140 228 5   
84  189 48  
190 149 0   
159 16  6   
185 144 43  
38  60  149 
171 57  146 
40  116 153 
123 153 225 
77  175 75  
31  220 105 
32  211 99  
38  50  3   
230 170 196 
51  228 69  
120 206 46  
84  194 200 
249 10  156 
130 49  113 
123 238 16  
171 130 243 
240 126 246 
19  93  16  
243 75  111 
238 93  58  
86  83  24  
134 55  168 
124 124 55  
71  3   246 
213 132 69  
130 124 238 
39  192 88  
210 79  12  
106 1   219 
93  215 211 
82  109 134 
108 218 27  
233 62  172 
13  27  207 
198 153 44  
189 223 230 
185 255 160 
78  191 109 
17  7   176 
131 82  3   
199 98  139 
20  153 23  
37  84  238 
32  59  196 
206 44  75  
51  223 35  
50  98  238 
102 87  101 
203 88  38  
76  90  29  
192 3   231 
162 240 119 
186 221 98  
250 235 86  
15  233 120 
230 252 140 
149 190 36  
61  67  172 
178 205 36  
154 116 35  
142 88  141 
38  222 155 
106 222 15  
69  247 213 
139 230 18  
196 64  131 
64  107 247 
151 158 193 
225 88  27  
77  115 59  
229 212 116 
186 33  52  
85  85  223 
144 192 215 
77  173 115 
218 42  156 
79  141 126 
154 172 181 
137 52  240 
242 249 175 
96  68  96  
166 54  205 
228 245 243 
217 57  214 
246 27  204 
74  78  57  
65  187 205 
140 32  223 
93  33  203 
223 151 3   
180 185 146 
188 204 227 
249 25  63  
49  97  46  
94  248 217 
154 220 116 
194 12  62  
103 225 6   
141 3   178 
225 78  10  
255 18  180 
52  178 171 
19  209 232 
37  152 175 
70  92  56  
62  144 219 
230 242 119 
90  9   233 
179 133 45  
206 82  255 
248 253 80  
167 96  231 
103 26  28  
184 40  121 
88  56  75  
108 173 239 
68  102 80  
141 23  43  
138 137 108 
144 104 7   
230 130 179 
255 177 74  
34  156 90  
15  207 226 
228 157 232 
148 24  101 
167 85  28  
196 132 13  
71  136 169 
142 52  176 
166 120 21  
115 102 89  
74  132 97  
25  51  149 
20  150 66  
26  174 139 
84  79  13  
182 65  124 
232 58  177 
119 78  66  
50  107 79  
231 136 217 
249 84  68  
220 134 39  
153 177 211 
27  106 118 
20  228 167 
50  199 91  
218 22  230 
219 253 3   
97  235 143 
76  203 29  
231 188 83  
54  199 219 
247 142 52  
109 244 186 
133 60  129 
105 187 23  
188 140 16  
27  229 186 
211 49  202 
210 114 216 
130 226 217 
37  94  71  
250 7   29  
22  173 208 
95  187 187 
241 93  224 
53  5   214 
145 11  18  
77  157 217 
11  113 63  
4   153 221 
253 6   26  
1   209 6   
235 96  135 
172 226 253 
102 51  31  
15  18  192 
5   252 177 
242 131 133 
77  186 152 
62  121 109 
22  66  56  
23  166 36  
26  19  12  
41  168 216 
172 180 2   
22  77  1   
199 2   30  
22  53  237 
246 247 146 
28  224 26  
202 212 215 
26  89  180 
206 175 107 
72  244 222 
66  218 53  
109 217 139 
4   154 199 
163 88  13  
101 38  244 
10  51  168 
236 235 120 
97  101 206 
41  132 156 
139 12  205 
42  233 29  
89  134 17  
49  187 203 
66  217 76  
187 199 137 
194 4   38  
250 5   195 
155 204 62  
71  196 112 
48  23  158 
69  203 54  
176 1   254 
165 134 83  
206 42  97  
199 165 80  
45  233 236 
175 179 173 
219 109 16  
14  144 5   
102 246 95  
71  209 94  
106 161 157 
182 113 156 
182 135 235 
169 95  87  
85  30  39  
205 202 124 
25  21  212 
243 52  134 
130 40  27  
130 186 53  
13  158 209 
241 22  3   
89  115 135 
21  58  209 
165 82  5   
45  158 124 
132 243 193 
250 150 92  
237 124 57  
55  74  222 
233 232 56  
79  41  177 
133 178 95  
48  227 68  
228 41  153 
127 92  134 
120 63  67  
156 17  36  
201 176 37  
55  224 186 
93  208 147 
104 59  183 
153 102 81  
137 42  221 
177 93  17  
58  164 168 
3   48  159 
94  47  0   
114 90  22  
248 195 0   
157 57  187 
33  96  190 
255 30  74  
154 226 81  
99  129 217 
168 232 138 
47  147 161 
51  249 33  
111 166 77  
102 37  59  
175 31  152 
61  204 153 
250 241 107 
206 99  212 
160 209 177 
37  66  109 
146 163 160 
9   223 152 
112 207 44  
22  8   14  
157 129 209 
220 251 77  
248 255 6   
9   102 14  
13  157 243 
211 189 208 
214 244 55  
13  96  210 
101 102 235 
178 141 217 
13  27  38  
210 17  126 
235 242 167 
29  47  15  
218 37  112 
124 67  29  
46  138 124 
132 253 78  
216 182 218 
165 81  16  
187 118 194 
84  106 55  
87  79  146 
179 65  185 
26  10  174 
92  179 249 
248 121 173 
91  28  103 
15  240 111 
125 230 94  
140 50  221 
117 145 131 
14  183 139 
149 24  24  
46  156 114 
2   202 251 
255 156 122 
173 226 76  
159 227 147 
123 140 238 
50  152 131 
96  28  95  
225 110 189 
91  149 153 
165 169 214 
142 221 0   
22  74  123 
238 49  129 
116 100 235 
65  178 117 
153 211 102 
91  30  226 
160 187 25  
222 29  42  
93  163 95  
239 162 86  
3   10  122 
144 80  118 
134 191 12  
172 233 201 
147 104 253 
242 42  175 
69  255 144 
17  163 155 
214 44  203 
251 113 113 
248 190 142 
43  222 23  
165 188 223 
45  81  42  
129 194 95  
219 32  19  
36  157 224 
0   20  234 
230 109 145 
105 200 232 
1   183 65  
140 35  104 
42  37  163 
73  165 149 
236 232 156 
118 61  87  
106 0   255 
44  215 45  
86  204 74  
28  246 234 
58  179 56  
74  230 137 
108 203 70  
3   113 164 
65  189 132 
238 32  43  
86  99  67  
128 97  101 
18  206 123 
66  55  111 
172 182 11  
165 61  177 
77  125 17  
91  26  249 
57  85  25  
109 194 66  
247 42  209 
135 19  90  
243 78  122 
43  174 209 
21  48  92  
213 33  4   
57  116 224 
48  186 32  
142 78  32  
229 151 111 
78  238 7   
187 215 75  
66  87  92  
242 245 140 
21  3   76  
37  173 80  
102 24  83  
28  6   105 
14  35  139 
76  80  219 
34  138 207 
250 58  37  
144 56  56  
63  68  86  
108 56  216 
95  68  23  
72  46  192 
43  180 48  
38  242 181 
107 247 57  
241 191 33  
133 237 108 
118 178 35  
213 93  218 
85  132 200 
120 32  109 
102 205 212 
119 25  131 
131 56  170 
145 88  0   
188 94  42  
26  254 41  
81  78  165 
168 185 170 
26  239 53  
131 239 148 
21  182 24  
17  250 51  
88  105 233 
189 249 15  
159 235 192 
3   36  115 
32  62  163 
167 174 80  
121 64  213 
72  140 91  
203 212 222 
193 195 169 
98  107 101 
37  14  70  
123 51  49  
51  237 112 
7   82  239 
140 138 128 
121 242 140 
30  247 171 
3   21  67  
127 164 22  
208 94  179 
39  40  255 
25  91  152 
199 183 224 
41  236 250 
63  211 218 
175 224 238 
214 25  205 
233 225 65  
183 62  223 
142 62  165 
248 149 109 
137 63  50  
132 184 145 
216 251 94  
192 37  195 
52  241 186 
207 245 67  
73  211 18  
178 239 76  
166 58  197 
192 172 63  
178 71  112 
44  131 74  
67  91  61  
139 115 53  
177 101 122 
154 82  86  
118 131 68  
186 217 229 
181 217 98  
217 112 36  
76  251 175 
188 197 15  
49  52  161 
235 141 152 
80  145 198 
174 13  155 
31  123 89  
220 49  9   
168 68  58  
104 90  4   
184 243 236 
243 55  212 
112 48  103 
203 58  9   
113 43  221 
28  139 37  
86  188 203 
72  134 151 
56  73  230 
149 39  0   
118 3   197 
180 246 240 
240 152 89  
215 75  149 
119 127 145 
74  2   32  
41  82  187 
199 251 197 
229 251 131 
1   250 161 
35  170 158 
29  190 239 
209 186 130 
15  104 76  
5   28  190 
20  148 0   
167 227 200 
189 165 130 
89  249 95  
82  55  185 
78  48  215 
109 186 155 
203 45  229 
25  150 66  
134 214 190 
232 120 143 
35  82  180 
174 142 239 
125 183 141 
236 218 226 
127 250 73  
10  235 81  
178 197 22  
244 154 213 
212 55  153 
191 158 127 
14  185 229 
74  17  201 
166 111 169 
44  63  166 
63  245 129 
74  83  246 
6   94  110 
227 196 207 
88  181 227 
248 138 77  
204 107 230 
90  131 239 
166 124 54  
197 147 170 
22  48  119 
209 101 52  
212 189 208 
157 214 61  
0   67  135 
130 108 141 
66  201 113 
52  106 58  
164 73  91  
15  103 122 
161 248 186 
145 105 190 
84  61  52  
39  243 21  
211 27  240 
218 143 4   
22  252 168 
123 180 96  
1   32  241 
97  25  201 
96  21  61  
224 212 209 
252 6   118 
239 220 252 
20  206 75  
196 188 27  
216 3   138 
79  163 170 
190 121 18  
213 17  62  
198 244 74  
30  206 40  
12  249 26  
240 242 209 
50  4   222 
209 40  129 
141 142 202 
71  111 142 
29  159 182 
7   7   34  
173 232 76  
214 76  29  
188 153 9   
15  170 195 
240 107 159 
7   246 37  
80  154 139 
188 206 151 
110 191 253 
163 197 144 
71  205 109 
104 145 183 
143 155 110 
251 116 30  
147 200 154 
70  140 204 
7   210 173 
87  221 44  
74  189 47  
236 43  252 
19  158 58  
158 248 197 
127 225 58  
32  78  22  
244 43  191 
71  22  233 
95  28  183 
225 37  255 
172 102 168 
127 89  28  
142 242 199 
184 72  95  
247 7   253 
155 118 50  
195 177 50  
64  21  135 
140 220 130 
191 174 89  
162 220 31  
243 78  166 
148 88  16  
207 10  103 
217 214 17  
55  242 44  
107 91  53  
150 213 100 
125 210 37  
168 91  125 
149 66  11  
52  95  90  
166 250 138 
167 152 217 
3   49  85  
204 239 92  
72  221 64  
34  12  139 
134 160 223 
110 8   212 
84  30  20  
165 72  80  
147 35  22  
66  224 17  
15  90  219 
161 36  10  
57  126 230 
246 30  15  
177 89  237 
251 35  164 
95  232 211 
105 210 137 
64  120 228 
215 8   72  
65  158 91  
152 185 60  
174 85  150 
165 180 191 
44  171 138 
200 177 125 
50  188 79  
109 66  39  
120 246 221 
244 122 253 
227 210 83  
87  101 220 
198 140 92  
120 174 218 
154 127 147 
125 0   159 
123 46  242 
254 2   234 
8   32  173 
244 6   11  
124 29  15  
169 190 67  
21  109 41  
24  148 57  
42  36  128 
128 122 14  
124 168 242 
23  76  178 
160 231 141 
28  26  140 
163 6   18  
192 244 149 
43  106 84  
149 11  104 
191 98  178 
140 78  8   
10  228 100 
169 191 63  
40  31  80  
236 57  227 
103 197 157 
45  102 109 
250 93  66  
213 8   154 
148 5   70  
185 237 25  
236 96  106 
137 33  107 
137 174 111 
142 59  130 
116 60  59  
168 218 200 
157 172 137 
203 170 139 
26  197 235 
118 143 7   
132 211 66  
208 196 133 
28  182 249 
109 7   71  
137 48  166 
241 62  59  
67  31  226 
5   9   165 
12  148 115 
94  57  67  
4   19  30  
194 57  159 
61  94  188 
81  183 131 
218 146 97  
127 55  200 
25  136 192 
122 91  1   
226 180 15  
249 249 173 
165 245 12  
167 100 239 
183 23  255 
158 104 6   
106 248 207 
183 235 246 
143 138 116 
151 58  32  
48  39  124 
192 92  193 
150 249 88  
19  14  137 
254 97  165 
126 50  204 
138 155 186 
213 205 253 
81  29  22  
255 246 110 
151 90  138 
255 63  145 
154 244 49  
140 122 37  
116 130 147 
32  236 29  
253 113 137 
217 81  33  
190 174 184 
124 53  238 
72  23  193 
112 145 18  
148 238 114 
155 178 172 
50  179 165 
90  203 53  
114 60  137 
20  205 136 
212 228 137 
16  74  156 
82  32  18  
154 158 170 
108 231 225 
160 140 189 
0   162 168 
70  9   217 
80  167 33  
35  254 61  
190 112 238 
38  22  108 
47  4   215 
94  251 253 
24  79  68  
7   143 112 
143 98  5   
182 5   101 
8   199 199 
126 224 25  
131 117 196 
88  69  240 
77  9   143 
60  42  110 
171 74  22  
169 64  248 
7   35  36  
146 168 47  
113 153 10  
235 219 195 
150 103 64  
66  71  10  
129 73  22  
49  145 205 
181 24  203 
137 127 254 
137 68  176 
132 242 86  
209 87  19  
105 119 14  
50  125 45  
86  94  47  
175 76  75  
58  89  42  
93  62  222 
38  3   192 
61  151 70  
114 241 90  
162 181 104 
116 20  93  
183 248 116 
180 140 44  
5   193 100 
231 75  202 
254 61  28  
23  15  94  
250 249 55  
188 160 11  
52  108 219 
184 86  207 
155 253 50  
113 74  112 
155 49  92  
130 206 163 
40  1   237 
178 246 225 
175 138 89  
59  85  181 
191 150 224 
131 70  102 
129 176 209 
210 81  65  
92  186 66  
175 140 249 
85  71  138 
231 14  209 
18  34  38  
112 199 143 
127 201 202 
155 93  103 
138 199 210 
94  222 99  
122 47  81  
153 105 236 
188 174 98  
157 27  133 
73  225 153 
101 219 217 
237 251 157 
65  233 163 
18  224 80  
227 49  35  
233 56  22  
5   209 22  
248 49  21  
42  91  107 
128 226 135 
44  178 47  
56  140 114 
138 151 101 
70  53  105 
182 64  195 
135 69  26  
218 142 137 
134 56  215 
198 191 244 
170 122 100 
6   174 248 
134 10  164 
83  0   65  
85  125 6   
217 201 176 
1   110 186 
13  154 208 
72  132 21  
7   239 243 
225 148 181 
146 109 250 
168 142 61  
125 135 244 
60  42  192 
209 84  23  
154 152 60  
236 180 195 
145 162 174 
189 41  139 
38  0   164 
147 230 122 
67  197 91  
54  254 17  
74  56  208 
76  190 169 
86  120 69  
52  152 70  
91  175 39  
217 39  254 
104 205 101 
52  47  120 
164 252 143 
111 177 56  
241 76  83  
231 100 175 
56  76  52  
131 48  77  
190 131 153 
25  130 252 
26  13  122 
212 149 217 
171 203 86  
222 249 1   
145 219 63  
185 11  201 
159 92  23  
3   23  193 
196 170 85  
171 85  72  
205 147 241 
179 8   168 
156 53  63  
21  102 233 
40  130 226 
104 16  221 
218 165 42  
90  65  22  
39  184 105 
21  6   199 
119 133 46  
39  19  184 
186 82  100 
144 20  220 
59  229 197 
250 142 39  
139 66  41  
69  172 177 
160 205 139 
242 136 84  
121 221 230 
24  205 63  
232 228 55  
217 211 52  
81  171 61  
154 119 114 
124 96  217 
111 94  111 
206 106 27  
111 108 247 
135 48  85  
248 140 73  
211 99  216 
255 40  69  
211 104 31  
7   212 208 
231 240 148 
91  33  236 
227 236 56  
140 153 70  
241 77  208 
113 67  29  
80  96  104 
27  75  208 
52  159 75  
115 166 122 
104 78  189 
127 190 95  
140 66  30  
132 145 31  
4   152 67  
126 201 223 
234 86  26  
164 179 240 
169 32  4   
238 34  158 
13  139 97  
221 160 36  
226 182 66  
248 121 254 
130 44  67  
174 137 18  
220 65  243 
170 210 94  
221 105 90  
183 63  58  
66  49  125 
195 39  69  
56  233 232 
166 106 150 
90  36  178 
185 62  208 
236 143 112 
97  5   34  
97  214 13  
15  198 93  
142 139 146 
116 29  168 
34  78  46  
213 184 120 
45  164 43  
188 202 209 
221 70  148 
127 236 5   
201 196 173 
84  108 104 
86  218 153 
234 250 174 
22  196 187 
191 42  240 
59  116 178 
171 83  143 
113 121 8   
87  168 105 
186 246 230 
154 159 32  
34  254 112 
245 7   94  
98  41  143 
159 88  98  
211 67  87  
225 34  51  
58  101 80  
187 167 76  
80  214 65  
252 5   172 
31  129 86  
89  126 119 
129 240 178 
43  177 191 
99  253 210 
213 245 9   
164 194 72  
6   14  158 
162 109 182 
77  233 222 
206 0   22  
193 49  255 
230 41  174 
167 210 253 
163 174 66  
89  206 175 
254 50  97  
226 229 57  
84  42  225 
2   255 86  
26  102 232 
160 106 38  
218 122 18  
208 55  139 
171 231 142 
244 95  62  
112 215 88  
165 128 26  
121 199 202 
104 76  83  
86  121 60  
90  252 148 
5   249 121 
82  104 55  
195 164 35  
48  154 23  
32  116 96  
87  237 170 
42  242 108 
121 23  95  
204 168 225 
63  183 131 
177 226 205 
129 56  13  
82  37  251 
251 35  34  
238 161 239 
194 69  55  
163 136 135 
243 38  21  
228 24  71  
72  200 47  
244 169 176 
148 172 8   
61  53  54  
97  134 151 
148 3   179 
26  51  241 
200 125 100 
137 190 164 
16  99  216 
153 166 124 
52  210 89  
148 161 178 
137 212 176 
81  126 180 
14  128 92  
28  16  8   
83  201 144 
51  23  243 
248 142 144 
45  156 236 
210 140 77  
174 79  11  
42  66  75  
46  186 234 
145 230 56  
191 101 181 
46  245 185 
18  70  96  
164 15  92  
55  15  57  
215 25  178 
192 58  77  
63  216 246 
78  220 94  
131 135 215 
191 174 91  
149 22  53  
104 204 148 
145 13  242 
37  19  41  
246 80  50  
38  45  95  
36  55  143 
193 171 221 
35  172 50  
176 184 7   
24  92  214 
134 76  234 
244 23  26  
65  235 125 
68  236 171 
58  85  29  
45  179 50  
242 169 143 
242 248 8   
96  239 238 
156 133 29  
203 15  79  
155 2   153 
98  136 4   
118 94  24  
6   152 191 
231 5   153 
2   141 8   
243 10  114 
166 115 193 
228 199 235 
2   102 175 
40  183 75  
56  35  62  
132 94  123 
18  183 1   
35  167 145 
231 88  149 
92  1   215 
249 212 239 
76  24  54  
197 13  70  
155 16  8   
7   132 20  
251 115 182 
88  227 223 
72  101 182 
185 250 202 
84  180 200 
99  187 37  
191 219 123 
173 16  112 
107 25  99  
246 153 134 
109 31  135 
201 197 249 
148 14  243 
184 184 190 
202 182 116 
167 249 184 
9   87  220 
115 233 200 
152 79  107 
67  102 106 
194 126 47  
224 48  8   
90  74  119 
230 226 132 
145 127 171 
180 160 181 
22  135 40  
85  211 190 
124 177 246 
234 118 139 
77  115 107 
53  241 223 
94  247 28  
81  116 177 
58  80  168 
193 67  202 
192 39  71  
89  128 231 
75  196 29  
175 83  201 
245 186 192 
26  124 244 
220 165 122 
95  180 24  
116 181 38  
165 103 79  
58  3   189 
69  182 181 
121 215 236 
142 181 12  
215 117 78  
152 102 102 
222 3   24  
185 234 8   
201 167 93  
60  204 10  
53  240 57  
100 125 87  
136 35  123 
236 95  35  
42  14  169 
117 235 237 
232 95  119 
170 204 163 
24  186 4   
4   25  140 
84  7   122 
107 232 247 
233 165 232 
43  238 237 
76  140 102 
254 242 81  
50  129 237 
13  48  49  
33  236 106 
61  13  57  
142 237 231 
36  159 137 
238 195 233 
119 252 86  
58  163 90  
207 79  36  
217 146 141 
28  30  121 
242 223 62  
27  74  88  
139 78  166 
169 173 234 
10  18  244 
208 102 20  
236 43  199 
214 50  246 
207 199 135 
191 99  133 
35  170 163 
254 75  184 
31  213 38  
73  71  7   
205 224 36  
206 161 39  
70  197 225 
51  254 77  
124 8   205 
48  35  96  
27  133 163 
168 44  212 
114 76  81  
122 135 52  
91  78  111 
143 85  132 
158 207 115 
210 3   244 
69  210 223 
14  48  168 
214 253 31  
228 71  124 
118 170 217 
94  72  16  
86  22  201 
199 189 125 
6   254 146 
208 211 131 
121 248 5   
43  3   15  
226 117 200 
31  214 106 
182 45  104 
199 168 118 
107 94  58  
248 121 186 
220 52  157 
2   38  51  
80  31  108 
199 167 33  
145 19  202 
223 32  77  
168 222 152 
195 233 117 
8   28  36  
46  220 225 
83  110 247 
60  132 89  
2   255 209 
240 3   231 
145 124 49  
35  208 48  
7   16  253 
10  151 71  
227 250 33  
217 219 70  
228 217 63  
45  52  27  
33  203 205 
60  61  60  
103 226 45  
4   138 69  
220 174 164 
239 61  180 
89  192 61  
159 26  52  
246 111 249 
233 37  61  
187 91  222 
31  47  242 
126 76  191 
64  226 129 
69  131 214 
163 32  114 
208 165 134 
54  223 172 
27  182 222 
113 195 23  
237 231 181 
131 34  31  
210 42  123 
104 52  135 
23  186 9   
229 166 85  
162 33  31  
165 199 177 
177 105 78  
229 251 20  
236 109 127 
115 74  28  
84  145 91  
236 28  216 
238 65  54  
120 127 114 
53  13  83  
133 144 124 
196 58  154 
29  217 76  
181 32  25  
243 195 41  
161 173 222 
62  117 62  
73  227 20  
245 166 131 
79  50  105 
18  90  37  
140 241 36  
216 133 18  
228 112 117 
92  244 176 
162 81  227 
190 39  238 
198 42  234 
210 206 44  
207 163 32  
45  43  174 
224 137 124 
205 143 148 
87  142 152 
219 161 145 
37  172 2   
50  55  216 
151 104 246 
183 231 237 
70  109 25  
160 154 108 
100 39  13  
58  198 216 
175 117 249 
218 28  20  
163 135 84  
239 205 21  
198 130 150 
118 174 237 
40  124 161 
64  236 65  
102 246 250 
198 8   191 
212 218 41  
131 83  62  
153 163 225 
6   40  130 
233 66  184 
68  140 222 
150 213 150 
199 10  45  
176 79  44  
211 215 211 
250 160 12  
155 168 198 
77  1   55  
17  197 214 
73  108 64  
1   52  166 
225 105 85  
118 23  22  
167 189 205 
147 147 12  
225 150 10  
102 216 226 
210 71  208 
109 29  228 
181 190 96  
181 184 154 
98  49  253 
223 148 217 
148 176 160 
119 171 210 
68  168 2   
86  97  152 
159 121 79  
13  194 200 
116 167 27  
136 21  102 
59  84  107 
108 73  8   
250 4   246 
222 30  228 
178 215 231 
175 33  93  
38  190 200 
38  200 32  
13  91  99  
223 94  250 
15  133 176 
121 119 223 
43  172 48  
1   35  232 
73  138 75  
105 35  42  
37  241 130 
97  189 178 
229 137 151 
110 19  22  
230 221 247 
29  254 79  
173 19  12  
146 221 216 
5   22  72  
243 220 79  
160 32  248 
91  157 8   
229 229 77  
79  74  73  
172 211 27  
248 116 51  
15  31  54  
143 85  131 
170 143 131 
175 68  167 
207 82  7   
153 129 227 
158 59  168 
134 169 122 
12  51  85  
159 101 21  
47  209 202 
48  58  219 
108 71  62  
48  132 253 
100 44  138 
58  0   157 
168 208 174 
130 110 95  
160 19  199 
118 54  1   
44  250 207 
254 23  204 
224 128 187 
166 67  194 
242 70  209 
12  119 207 
50  53  85  
108 244 102 
159 54  219 
32  98  88  
120 129 216 
112 253 195 
222 57  80  
5   168 104 
94  78  180 
211 178 207 
252 216 70  
104 112 253 
153 110 163 
212 1   172 
197 34  67  
167 209 63  
97  39  7   
192 179 242 
157 84  57  
219 178 236 
48  251 131 
31  227 63  
225 204 196 
35  227 1   
187 188 216 
27  190 252 
127 47  162 
50  123 169 
49  208 1   
51  124 113 
212 217 115 
26  115 106 
178 192 144 
33  158 11  
197 132 177 
90  131 141 
18  7   75  
8   105 236 
32  60  241 
38  60  205 
207 24  2   
225 162 179 
52  130 91  
245 102 68  
79  176 178 
39  138 141 
174 190 102 
80  155 145 
93  94  223 
193 28  124 
182 234 216 
217 36  77  
229 79  46  
47  133 230 
73  124 254 
154 19  176 
239 94  65  
247 227 96  
216 147 39  
143 161 127 
217 91  214 
82  66  187 
34  101 102 
117 201 56  
216 154 34  
18  211 79  
78  232 135 
211 36  128 
177 190 107 
215 110 135 
76  191 81  
73  6   204 
179 199 228 
113 74  173 
109 103 254 
25  218 78  
247 89  205 
151 251 247 
63  161 247 
242 186 34  
219 79  201 
201 171 208 
174 34  211 
4   82  185 
188 128 130 
130 156 107 
87  120 146 
64  246 133 
242 207 122 
162 222 133 
47  63  22  
238 1   229 
16  120 52  
26  76  122 
85  133 226 
116 112 82  
93  153 131 
216 203 138 
51  121 21  
101 190 202 
141 254 49  
244 198 108 
219 91  168 
200 1   125 
195 49  211 
28  228 19  
159 159 230 
169 69  182 
203 193 235 
61  12  192 
241 99  44  
229 39  11  
147 210 62  
114 154 72  
125 18  227 
50  181 199 
235 229 119 
49  226 166 
132 89  186 
108 133 151 
126 232 253 
179 229 195 
123 74  39  
39  20  115 
15  128 16  
163 81  132 
228 206 31  
113 97  207 
247 149 42  
10  191 20  
107 80  19  
230 200 3   
222 31  148 
122 39  115 
68  166 46  
249 35  246 
184 47  71  
121 167 63  
195 67  205 
128 30  17  
2   64  4   
48  116 193 
60  154 63  
129 218 99  
62  190 182 
83  32  58  
28  213 190 
60  197 15  
171 215 6   
83  13  110 
72  182 172 
120 184 254 
73  129 64  
194 49  113 
181 204 18  
17  82  194 
12  203 101 
6   11  178 
72  218 85  
194 147 200 
95  104 144 
65  229 69  
239 132 57  
47  187 193 
220 120 141 
126 75  115 
0   59  27  
53  100 81  
72  153 183 
32  203 135 
209 105 106 
117 222 249 
212 45  17  
136 237 209 
151 224 103 
29  202 66  
146 237 168 
5   117 255 
131 128 29  
249 249 42  
53  174 39  
0   215 157 
26  39  162 
186 134 211 
13  114 187 
103 250 233 
212 222 143 
134 50  105 
65  177 41  
89  49  219 
248 64  188 
191 255 83  
77  232 44  
19  118 116 
183 45  64  
23  15  158 
191 99  20  
26  233 70  
134 175 168 
212 189 166 
45  70  155 
170 136 67  
192 44  117 
95  252 5   
121 226 10  
93  46  202 
123 204 219 
19  240 192 
72  53  140 
31  209 239 
169 45  184 
67  202 175 
192 194 209 
81  247 9   
115 69  211 
140 232 45  
128 146 231 
59  121 129 
209 150 86  
92  45  0   
228 138 84  
183 123 217 
109 152 140 
194 156 138 
122 239 119 
26  171 250 
186 99  222 
120 59  49  
191 54  32  
102 184 194 
79  156 11  
45  38  11  
30  16  109 
173 21  205 
136 161 166 
23  241 206 
41  181 230 
200 239 130 
95  247 213 
185 67  246 
25  111 219 
57  108 97  
135 243 72  
240 176 54  
131 106 253 
92  37  139 
202 167 119 
68  214 36  
92  186 59  
213 228 146 
164 14  31  
108 186 32  
47  173 223 
53  161 130 
31  123 254 
34  99  133 
156 83  232 
238 186 47  
240 63  204 
40  184 18  
20  74  169 
120 114 192 
210 153 125 
154 150 154 
210 205 162 
196 173 123 
35  226 182 
117 53  234 
29  255 158 
224 232 211 
188 248 140 
104 188 251 
187 115 13  
235 126 175 
20  234 131 
217 34  88  
184 255 163 
60  25  251 
152 229 197 
59  71  209 
88  195 48  
205 117 116 
68  94  162 
142 82  96  
89  116 194 
237 91  175 
133 128 72  
54  76  90  
109 236 248 
37  221 107 
82  216 195 
0   253 218 
246 246 169 
106 206 24  
136 62  55  
113 6   106 
3   86  181 
132 133 167 
134 6   91  
81  63  243 
139 23  41  
190 210 147 
9   103 56  
119 82  231 
232 25  153 
206 63  47  
73  43  35  
214 152 172 
150 218 186 
6   138 49  
84  151 247 
200 51  74  
44  131 62  
188 99  127 
169 157 151 
154 108 88  
154 53  244 
246 98  56  
24  63  163 
87  78  35  
164 148 31  
89  75  5   
216 70  121 
216 131 32  
158 148 21  
83  132 161 
233 36  111 
11  109 148 
104 131 28  
135 214 167 
172 37  78  
131 136 129 
172 87  128 
120 99  154 
191 221 17  
64  254 211 
87  57  248 
121 231 58  
30  205 222 
191 139 202 
85  81  58  
212 50  4   
119 86  68  
69  147 170 
144 210 220 
57  229 10  
204 227 183 
103 129 161 
42  73  109 
104 108 245 
79  81  72  
221 98  248 
248 34  212 
33  59  87  
121 162 168 
136 193 125 
66  122 232 
76  76  53  
108 226 95  
192 196 47  
185 44  79  
100 216 211 
139 88  72  
226 135 42  
185 21  155 
41  84  194 
86  240 79  
25  184 213 
191 170 161 
133 174 40  
138 232 110 
108 115 75  
44  188 28  
189 200 78  
120 185 229 
8   95  6   
60  138 131 
220 53  110 
165 72  184 
206 9   209 
64  7   39  
92  50  189 
163 77  110 
32  127 239 
35  109 144 
22  231 183 
46  3   7   
231 48  135 
27  2   24  
108 222 170 
138 16  61  
232 3   83  
174 40  199 
179 195 133 
27  182 255 
71  181 137 
232 170 113 
230 93  226 
69  58  42  
91  119 8   
218 69  13  
136 205 80  
134 149 138 
180 199 198 
85  117 88  
218 5   229 
208 89  16  
106 142 120 
232 129 170 
61  138 3   
43  229 83  
168 123 131 
22  201 24  
233 109 106 
139 203 76  
119 158 34  
220 78  202 
207 134 126 
239 129 77  
206 72  216 
98  130 157 
203 242 217 
186 71  67  
218 33  24  
255 80  252 
13  208 20  
85  87  44  
138 137 51  
115 110 250 
201 55  209 
5   83  218 
94  52  129 
95  226 180 
28  122 12  
9   235 233 
113 0   211 
7   210 229 
65  159 162 
247 205 254 
195 25  23  
76  145 202 
245 28  33  
87  209 65  
202 79  76  
227 229 56  
39  211 210 
128 100 28  
60  183 168 
219 157 251 
228 80  4   
179 52  52  
22  128 8   
77  82  112 
129 65  154 
117 30  168 
239 22  151 
100 125 101 
9   53  215 
49  84  136 
131 124 193 
144 185 47  
233 152 104 
13  210 152 
122 230 90  
6   89  13  
217 238 178 
12  2   69  
121 149 10  
123 45  188 
13  79  93  
100 173 231 
107 247 252 
32  144 91  
156 35  32  
33  36  57  
15  255 198 
224 181 128 
47  30  206 
250 175 21  
197 193 154 
216 50  154 
238 125 161 
114 53  115 
149 80  173 
22  204 137 
167 129 197 
51  45  163 
128 219 231 
150 133 123 
64  43  39  
166 196 202 
10  6   204 
121 227 8   
94  58  127 
214 79  154 
7   134 170 
135 130 144 
86  98  155 
134 242 85  
164 255 4   
231 220 213 
83  205 237 
144 145 3   
185 33  61  
28  86  212 
200 215 87  
128 247 242 
78  0   136 
67  143 231 
24  4   54  
112 68  111 
107 180 15  
139 228 32  
131 69  172 
37  156 194 
35  49  97  
244 71  223 
84  107 49  
107 12  110 
226 104 33  
75  64  181 
72  235 92  
173 191 169 
246 158 236 
100 67  124 
65  211 238 
215 98  25  
92  11  138 
154 52  183 
43  12  31  
112 212 209 
204 182 88  
132 56  38  
45  210 44  
242 18  139 
7   143 244 
248 189 173 
19  112 32  
108 97  38  
94  205 42  
69  203 102 
250 63  225 
91  188 97  
133 137 31  
172 140 4   
62  224 126 
196 127 217 
154 155 187 
30  26  106 
160 184 184 
149 84  64  
112 180 91  
60  136 140 
187 172 206 
61  94  223 
33  188 183 
139 50  132 
169 29  140 
137 164 78  
210 110 17  
247 72  247 
240 38  149 
193 191 113 
200 49  158 
138 152 170 
178 20  240 
3   199 181 
171 56  57  
109 156 95  
20  38  209 
222 122 140 
24  220 69  
30  195 245 
238 133 169 
50  174 37  
109 56  226 
243 3   191 
180 134 111 
70  248 112 
208 5   84  
206 158 36  
164 30  48  
42  156 81  
129 184 175 
33  51  119 
48  165 212 
79  184 35  
97  218 199 
37  8   24  
174 207 50  
100 172 111 
193 166 87  
86  150 203 
61  231 87  
114 204 237 
111 232 111 
50  86  87  
250 77  18  
58  72  187 
254 20  34  
49  202 98  
99  49  195 
206 90  220 
84  165 112 
7   205 139 
11  144 100 
110 178 242 
122 184 113 
24  31  201 
127 111 215 
164 30  63  
158 232 195 
59  43  3   
119 87  114 
162 125 217 
108 107 53  
179 26  239 
64  16  200 
218 229 45  
143 109 179 
106 29  47  
104 161 185 
223 18  182 
129 172 116 
111 246 169 
171 134 187 
123 18  253 
154 84  98  
178 200 38  
30  51  106 
16  46  211 
87  29  201 
254 32  45  
153 201 78  
51  26  205 
234 161 68  
54  67  33  
105 23  235 
134 96  1   
3   2   227 
211 184 153 
54  211 14  
213 9   254 
221 188 160 
157 24  255 
49  25  85  
116 142 16  
138 198 3   
168 21  108 
130 36  0   
215 253 181 
130 240 20  
146 201 193 
240 74  246 
114 111 89  
106 120 129 
250 64  9   
210 61  26  
211 169 89  
33  237 16  
67  71  14  
53  128 208 
253 16  55  
16  72  70  
138 118 57  
77  38  201 
6   209 25  
178 72  87  
229 123 174 
33  210 22  
243 81  136 
97  13  81  
220 168 168 
113 235 107 
210 210 101 
98  248 132 
44  191 17  
235 30  179 
25  103 46  
51  193 51  
186 252 101 
142 25  213 
62  25  115 
20  217 129 
213 99  199 
93  132 196 
151 90  146 
211 1   149 
176 75  100 
72  67  204 
115 169 186 
220 42  15  
30  43  8   
87  234 27  
120 134 30  
127 144 175 
143 163 253 
24  129 142 
62  152 119 
131 17  67  
74  206 43  
74  121 189 
44  28  192 
236 210 209 
236 197 109 
201 237 72  
147 144 45  
8   20  5   
32  118 48  
188 29  98  
8   160 108 
191 83  221 
160 167 82  
253 38  159 
6   80  31  
27  160 146 
107 69  57  
200 6   250 
195 107 152 
21  64  200 
71  241 50  
167 208 41  
82  43  214 
162 132 249 
122 204 11  
156 43  36  
249 41  191 
254 234 30  
195 129 242 
144 16  243 
212 134 159 
55  117 160 
159 147 144 
252 196 183 
170 89  225 
251 73  125 
185 233 97  
213 19  251 
15  92  12  
165 137 189 
177 150 86  
188 205 60  
186 210 0   
134 117 23  
17  237 173 
102 133 181 
40  187 113 
112 190 223 
140 197 14  
72  136 111 
113 58  163 
136 44  51  
121 8   234 
134 28  137 
105 70  102 
77  115 101 
142 129 16  
29  250 195 
250 143 84  
227 81  171 
224 230 144 
79  13  81  
192 179 74  
164 235 4   
26  36  212 
79  107 221 
229 161 36  
232 105 109 
253 234 251 
45  147 221 
62  76  188 
19  207 68  
23  119 120 
4   232 23  
167 148 35  
223 30  251 
199 167 235 
97  109 113 
155 113 33  
235 171 1   
112 60  63  
245 194 252 
22  96  235 
132 190 237 
252 105 4   
126 95  67  
175 18  35  
179 110 236 
148 164 14  
242 15  208 
240 83  20  
134 187 108 
157 171 78  
237 174 0   
249 55  46  
162 236 9   
245 215 239 
92  38  7   
84  139 191 
9   42  183 
110 161 180 
106 167 70  
26  122 243 
40  93  49  
139 113 144 
170 37  203 
70  126 14  
35  71  161 
121 173 135 
134 23  41  
88  138 231 
100 222 143 
80  1   195 
231 109 121 
45  117 168 
97  237 14  
138 236 250 
37  209 176 
29  168 195 
173 237 37  
195 139 254 
49  34  35  
86  10  55  
65  32  123 
178 168 165 
0   45  87  
119 43  4   
11  239 70  
103 5   218 
58  173 13  
112 176 235 
183 134 117 
198 229 4   
35  133 141 
152 254 107 
189 172 28  
67  220 150 
201 60  50  
15  41  247 
171 231 31  
223 215 247 
110 185 54  
86  30  123 
179 208 34  
98  110 147 
55  63  190 
44  15  18  
119 178 175 
217 104 65  
22  170 40  
170 31  0   
19  105 168 
83  143 216 
244 235 148 
162 78  245 
107 121 239 
215 181 12  
34  193 176 
51  166 132 
182 109 84  
168 6   141 
1   184 199 
176 166 225 
74  114 191 
188 144 98  
240 103 12  
179 238 218 
169 52  157 
120 15  130 
118 229 34  
123 44  24  
204 247 143 
177 253 179 
176 140 240 
142 70  150 
175 248 80  
223 217 167 
252 241 163 
139 200 97  
29  5   231 
163 183 84  
230 34  3   
80  143 144 
188 90  14  
123 8   147 
82  34  250 
76  182 134 
91  190 225 
196 170 251 
234 161 97  
37  192 103 
122 222 202 
240 50  255 
202 0   13  
141 7   216 
26  233 171 
7   120 70  
106 132 25  
96  100 250 
198 108 77  
99  99  74  
203 216 117 
2   31  167 
225 110 8   
167 246 52  
228 200 174 
248 25  238 
49  207 179 
0   155 246 
79  59  255 
196 55  205 
172 221 206 
159 175 169 
47  114 153 
4   17  45  
130 55  238 
117 77  39  
100 127 46  
205 219 34  
106 230 104 
49  94  236 
241 7   195 
68  146 99  
48  185 64  
119 224 41  
172 59  182 
126 106 7   
126 224 83  
97  118 42  
40  20  13  
154 120 130 
234 204 195 
58  48  233 
223 205 1   
28  155 222 
65  69  163 
121 156 242 
163 166 202 
139 175 61  
17  204 227 
251 12  120 
70  214 172 
76  244 142 
124 50  125 
133 41  184 
136 208 65  
192 188 142 
59  121 224 
120 184 142 
64  186 8   
157 83  2   
240 234 156 
214 170 85  
206 42  46  
137 51  50  
176 119 78  
117 106 3   
192 35  155 
252 104 168 
208 82  206 
129 98  131 
194 78  64  
87  64  41  
238 205 151 
55  206 85  
202 124 159 
63  55  244 
67  116 118 
223 197 100 
132 92  154 
63  33  57  
39  104 118 
10  132 39  
251 120 128 
158 152 220 
229 254 11  
13  253 250 
137 117 84  
124 168 107 
192 151 124 
189 159 190 
0   139 96  
51  184 92  
69  193 149 
107 102 174 
25  66  250 
236 187 138 
210 143 141 
34  38  132 
28  110 148 
127 152 242 
102 53  53  
31  20  204 
208 108 9   
143 214 169 
170 231 98  
144 149 134 
165 158 38  
230 139 33  
64  242 155 
145 74  3   
32  35  119 
13  134 156 
75  27  6   
99  91  248 
134 219 84  
47  186 239 
62  54  144 
239 2   231 
203 154 42  
47  237 124 
233 10  91  
122 91  175 
188 171 13  
7   162 105 
192 100 108 
168 106 112 
107 135 126 
100 67  37  
109 122 148 
182 109 164 
218 214 121 
126 146 28  
153 129 159 
243 99  122 
235 165 194 
59  81  185 
246 145 187 
127 220 118 
135 233 112 
135 48  156 
144 184 42  
71  3   70  
13  52  185 
237 246 29  
84  92  42  
64  232 230 
253 181 255 
122 243 0   
225 213 36  
227 18  246 
229 118 27  
210 164 121 
141 74  20  
232 68  90  
139 208 233 
147 168 98  
186 203 56  
69  142 19  
90  49  19  
233 226 186 
91  175 252 
105 151 92  
18  17  34  
114 239 96  
193 48  36  
181 41  8   
170 49  193 
83  202 17  
170 68  58  
59  253 26  
137 22  83  
154 188 159 
139 189 58  
186 199 166 
229 197 184 
214 138 115 
28  163 123 
216 132 230 
122 192 91  
245 217 69  
36  209 224 
161 3   160 
111 64  127 
93  228 26  
134 206 63  
63  177 182 
133 179 202 
77  98  125 
140 237 17  
251 169 14  
129 120 18  
116 176 0   
114 167 91  
115 251 164 
218 217 102 
210 70  245 
53  55  220 
29  60  236 
166 73  95  
206 88  105 
157 119 120 
252 78  109 
193 222 168 
152 202 97  
136 250 227 
160 112 154 
63  16  203 
193 89  88  
121 105 144 
99  135 243 
20  179 62  
24  6   248 
96  34  219 
225 174 92  
2   50  173 
199 198 23  
170 14  117 
183 252 188 
194 13  137 
173 104 243 
140 194 16  
128 149 217 
117 148 209 
253 198 177 
139 217 76  
13  243 115 
76  229 30  
23  47  19  
79  144 224 
227 117 159 
118 35  244 
165 19  121 
168 163 11  
250 39  100 
73  247 71  
249 239 26  
225 102 61  
178 212 155 
180 76  76  
166 123 131 
68  38  1   
25  73  3   
228 70  129 
92  18  79  
237 193 46  
91  235 163 
53  131 255 
8   97  40  
210 131 77  
137 123 100 
91  148 254 
44  83  253 
18  68  76  
142 40  238 
208 190 168 
123 59  132 
126 191 100 
109 213 194 
127 237 34  
184 66  242 
101 51  71  
191 172 152 
178 248 216 
207 19  249 
163 63  142 
108 226 250 
57  27  8   
52  197 2   
236 250 97  
169 204 33  
219 177 145 
124 8   172 
84  82  103 
50  34  14  
1   49  252 
57  147 132 
34  166 239 
199 146 236 
160 106 203 
25  205 5   
214 165 96  
235 135 165 
102 2   1   
65  185 210 
120 104 221 
219 59  195 
41  44  241 
231 39  49  
34  206 61  
205 250 136 
140 168 74  
46  24  203 
208 24  41  
106 184 79  
242 0   98  
69  113 162 
102 196 150 
140 214 37  
167 1   195 
194 227 82  
2   174 102 
60  47  163 
76  118 243 
59  25  139 
131 99  89  
230 105 13  
131 43  135 
38  35  206 
89  200 56  
222 122 176 
219 33  106 
242 34  102 
142 235 68  
23  120 120 
254 14  105 
101 53  169 
20  41  220 
33  165 208 
24  23  2   
56  162 112 
81  128 110 
99  186 190 
138 208 110 
240 72  212 
232 54  159 
154 115 62  
207 116 236 
255 68  42  
201 170 189 
146 90  221 
173 96  79  
26  225 64  
123 121 100 
34  215 153 
160 213 202 
220 197 216 
167 212 111 
109 120 248 
131 238 250 
156 89  100 
232 32  33  
86  124 103 
127 223 52  
138 121 3   
210 206 147 
67  166 212 
56  111 15  
16  92  188 
64  124 96  
23  64  142 
54  184 52  
103 197 249 
225 77  143 
105 109 91  
145 28  101 
119 106 70  
5   133 192 
8   179 218 
224 138 204 
244 164 74  
163 104 154 
180 199 27  
98  242 133 
181 88  5   
174 83  116 
21  155 125 
110 5   109 
87  37  75  
153 27  65  
255 165 198 
23  49  44  
18  206 128 
40  165 192 
232 113 136 
35  220 128 
218 233 149 
121 198 228 
169 105 178 
46  223 203 
185 200 66  
82  92  129 
116 226 116 
26  69  223 
107 167 132 
171 172 56  
22  106 88  
185 68  9   
59  23  89  
126 254 165 
109 81  158 
189 124 91  
29  170 187 
206 119 197 
43  117 215 
223 110 61  
11  223 218 
245 53  172 
204 82  196 
78  62  54  
163 80  156 
49  176 104 
212 73  112 
90  173 246 
1   25  89  
113 80  47  
77  46  140 
96  80  167 
218 138 210 
92  74  208 
128 24  9   
247 21  117 
217 16  115 
162 191 88  
242 100 251 
92  248 91  
61  97  202 
135 22  2   
161 11  173 
27  1   48  
179 230 70  
172 153 100 
128 37  0   
255 128 241 
113 109 51  
32  78  215 
47  188 8   
59  140 79  
147 15  245 
166 23  39  
254 213 233 
216 184 123 
185 94  132 
71  13  123 
36  187 238 
97  24  48  
224 210 39  
27  24  134 
60  142 234 
205 115 2   
129 117 116 
83  210 238 
0   12  210 
172 201 229 
231 205 135 
138 157 252 
72  158 155 
149 7   0   
213 9   129 
77  3   133 
68  166 81  
206 9   179 
88  112 67  
231 77  23  
248 6   120 
61  208 229 
232 5   108 
114 102 103 
248 243 167 
142 4   147 
198 126 143 
26  241 250 
101 252 98  
165 172 149 
144 103 185 
179 167 18  
40  85  54  
70  43  178 
40  146 34  
125 246 219 
108 104 27  
2   125 231 
199 193 49  
54  215 214 
96  157 5   
100 179 243 
92  150 182 
97  240 133 
46  104 203 
92  172 37  
42  186 98  
212 234 87  
54  148 61  
235 21  105 
161 75  138 
135 19  213 
143 206 127 
15  163 145 
124 139 28  
155 54  14  
191 116 171 
240 142 224 
27  198 225 
169 185 63  
184 158 167 
76  80  220 
33  132 244 
76  249 198 
22  109 67  
32  158 84  
81  239 130 
241 226 72  
151 147 150 
151 167 174 
165 134 195 
221 209 33  
218 35  153 
55  139 118 
176 3   56  
126 173 11  
92  154 4   
73  30  36  
53  137 38  
246 67  18  
175 44  104 
136 221 44  
7   17  81  
228 226 183 
252 83  141 
14  48  75  
35  22  253 
117 55  98  
186 149 13  
122 226 15  
10  127 34  
171 106 13  
175 149 49  
101 221 168 
100 204 238 
235 120 46  
39  92  11  
7   42  237 
210 132 127 
205 211 229 
116 232 212 
37  39  177 
19  221 225 
31  55  102 
165 245 135 
61  9   71  
90  172 69  
58  206 167 
138 11  189 
245 149 83  
237 144 131 
137 135 77  
231 200 203 
191 26  210 
1   89  210 
86  179 212 
246 110 25  
208 177 108 
213 190 198 
214 225 253 
35  175 197 
67  184 248 
13  63  137 
119 250 125 
2   183 120 
137 139 80  
80  87  93  
104 159 226 
148 122 135 
20  133 87  
36  230 81  
106 193 200 
187 63  76  
67  54  71  
8   221 66  
213 130 61  
249 109 198 
143 229 62  
210 42  21  
237 75  112 
112 148 111 
246 73  11  
75  230 51  
102 46  161 
22  190 93  
168 130 53  
8   188 68  
52  125 68  
55  247 156 
240 93  76  
139 156 46  
151 171 119 
48  26  202 
100 200 115 
154 160 80  
102 97  165 
105 221 243 
79  147 45  
222 62  251 
155 228 123 
147 31  174 
94  104 104 
190 175 49  
31  166 11  
35  112 119 
137 13  199 
125 158 160 
215 41  62  
14  225 79  
68  216 51  
146 20  224 
239 28  127 
198 13  146 
231 113 163 
70  163 236 
100 175 164 
116 103 23  
89  207 43  
148 209 223 
215 57  32  
118 198 141 
3   108 66  
60  199 239 
144 13  102 
27  46  20  
244 202 88  
41  57  174 
208 153 160 
157 223 27  
80  43  151 
5   152 126 
92  191 144 
94  163 120 
253 140 248 
25  118 85  
70  119 197 
102 83  205 
144 226 138 
105 57  178 
253 165 2   
29  170 25  
117 152 253 
15  3   223 
151 55  235 
68  78  157 
93  71  117 
215 223 104 
93  131 241 
57  27  241 
236 183 140 
28  48  218 
151 223 126 
107 178 101 
163 22  168 
226 87  192 
153 128 100 
27  66  157 
11  119 126 
51  163 219 
13  151 131 
84  149 103 
34  141 230 
189 125 160 
130 169 185 
44  93  223 
10  168 225 
172 211 246 
53  47  15  
59  191 197 
239 239 232 
197 196 48  
31  110 32  
92  32  29  
56  222 118 
195 141 72  
62  151 204 
163 47  8   
242 2   215 
246 179 94  
39  33  29  
157 50  226 
121 244 50  
25  114 111 
204 102 121 
206 149 156 
103 147 212 
114 100 89  
138 124 8   
103 175 90  
193 133 191 
48  117 15  
117 86  104 
71  214 80  
95  239 114 
0   6   24  
231 26  143 
53  166 217 
156 115 250 
240 95  77  
70  196 255 
90  142 216 
62  106 56  
136 90  210 
20  251 48  
4   155 83  
167 99  116 
38  76  85  
61  50  58  
153 135 76  
61  219 34  
154 55  133 
156 2   194 
217 4   226 
22  61  243 
2   46  213 
206 199 38  
87  69  169 
232 27  31  
230 7   114 
58  120 235 
57  205 69  
47  174 241 
151 71  130 
96  203 102 
47  124 77  
158 139 147 
196 74  157 
97  137 169 
176 214 94  
203 167 26  
93  177 144 
207 46  176 
124 150 125 
22  141 212 
171 16  80  
182 196 203 
77  114 178 
218 221 208 
176 216 60  
234 1   78  
223 47  225 
214 8   174 
188 129 151 
146 158 119 
35  232 235 
221 73  169 
80  252 68  
244 249 159 
190 155 4   
188 230 225 
54  87  195 
130 237 164 
200 244 86  
108 168 237 
224 177 108 
37  241 149 
194 93  215 
120 152 160 
1   97  233 
201 111 159 
215 69  103 
176 251 26  
106 97  249 
40  102 55  
87  175 45  
14  143 18  
38  0   98  
219 66  136 
112 254 50  
231 6   98  
216 199 55  
157 251 31  
46  0   62  
86  194 211 
83  171 75  
225 108 212 
180 56  242 
229 210 42  
122 116 244 
151 245 251 
188 111 38  
125 45  114 
90  109 4   
58  83  203 
76  124 133 
144 45  139 
133 76  5   
29  190 14  
186 82  102 
132 78  242 
176 99  179 
246 67  9   
225 75  236 
98  39  210 
143 8   190 
171 100 174 
164 179 95  
190 167 75  
240 65  192 
92  237 0   
163 152 205 
232 148 2   
22  179 124 
176 24  197 
60  207 220 
84  65  233 
88  204 89  
99  228 114 
197 74  242 
71  143 79  
249 47  30  
15  178 82  
7   152 135 
195 38  41  
73  96  238 
58  33  249 
253 188 201 
180 243 162 
251 175 133 
160 42  232 
205 51  113 
90  228 225 
201 105 179 
194 126 128 
6   63  228 
249 226 26  
70  61  25  
175 31  44  
27  121 140 
191 15  215 
2   235 35  
16  60  201 
32  149 120 
245 65  135 
227 52  69  
121 82  89  
195 119 50  
105 190 71  
194 253 121 
238 128 232 
140 119 224 
26  56  239 
68  196 248 
180 41  189 
88  240 158 
37  10  96  
251 72  55  
90  207 196 
19  14  26  
239 180 12  
189 115 36  
6   46  59  
181 215 112 
147 148 197 
67  138 161 
3   152 155 
126 122 71  
141 230 202 
4   152 65  
139 144 201 
117 216 44  
168 254 14  
83  23  65  
209 168 125 
29  80  46  
36  196 202 
183 224 201 
82  159 242 
122 207 185 
43  111 70  
138 85  99  
92  181 206 
67  22  183 
118 133 228 
212 203 187 
222 81  83  
104 77  228 
59  18  109 
105 61  152 
113 214 199 
198 200 113 
89  39  159 
65  46  26  
167 194 32  
40  24  221 
198 149 246 
22  223 53  
147 8   243 
129 85  14  
55  234 185 
68  178 110 
152 174 158 
104 169 182 
17  172 72  
220 220 211 
117 169 179 
212 32  228 
143 213 164 
9   81  64  
145 247 168 
24  174 233 
52  142 62  
167 236 207 
131 254 189 
33  129 109 
115 46  4   
33  221 159 
228 36  44  
237 136 209 
157 116 169 
139 88  202 
88  174 151 
78  67  198 
10  4   52  
255 123 160 
218 221 174 
224 204 45  
139 31  203 
60  126 40  
71  70  31  
72  37  49  
14  167 192 
123 33  215 
46  114 194 
174 196 163 
146 81  220 
148 83  146 
213 182 4   
124 92  149 
77  43  234 
82  30  226 
142 83  148 
87  237 57  
28  81  135 
18  218 117 
60  208 76  
93  14  251 
42  235 40  
162 145 221 
32  151 97  
161 121 220 
228 106 108 
88  176 131 
231 206 206 
228 215 16  
27  3   163 
112 239 236 
248 120 253 
148 204 219 
122 106 157 
170 130 48  
250 203 183 
9   69  168 
43  211 183 
36  128 182 
164 211 77  
253 1   106 
196 37  35  
116 146 52  
201 71  7   
77  93  55  
119 128 119 
9   224 230 
163 171 204 
238 100 34  
121 242 121 
195 56  14  
94  166 19  
49  22  88  
178 116 40  
208 128 171 
232 164 9   
58  247 125 
166 43  13  
201 93  125 
246 175 3   
190 219 72  
163 220 195 
12  36  56  
89  138 37  
252 240 93  
44  175 196 
91  0   6   
131 15  83  
253 12  106 
164 39  118 
181 100 66  
84  202 88  
15  55  132 
62  97  117 
116 179 115 
41  213 84  
126 123 194 
36  139 34  
167 46  134 
39  246 107 
149 235 27  
229 168 107 
177 29  80  
195 246 170 
212 241 124 
36  130 220 
34  64  67  
149 67  60  
114 220 45  
126 238 230 
213 120 110 
93  201 206 
21  169 101 
187 71  110 
74  177 186 
85  12  63  
208 16  43  
56  36  152 
69  18  98  
185 137 140 
93  209 111 
147 91  213 
166 103 179 
148 78  250 
155 64  104 
153 59  42  
139 205 6   
205 216 132 
73  14  48  
108 4   194 
164 160 250 
113 44  134 
4   89  156 
247 170 182 
213 161 244 
65  56  170 
126 247 97  
150 203 27  
17  107 219 
126 107 19  
0   254 100 
1   237 77  
117 24  16  
244 146 200 
34  151 96  
122 252 122 
163 46  172 
68  245 98  
200 3   190 
54  2   113 
96  207 253 
118 178 249 
95  237 176 
16  40  171 
113 32  66  
189 89  75  
88  242 143 
107 236 154 
177 249 164 
140 199 46  
229 110 118 
103 163 48  
119 206 120 
218 71  55  
243 136 31  
72  50  178 
38  221 179 
177 230 170 
103 127 252 
35  8   191 
20  152 173 
253 21  165 
156 54  153 
201 95  155 
160 85  26  
146 133 136 
27  254 49  
248 179 192 
142 51  68  
126 62  167 
156 162 142 
191 129 166 
165 79  141 
144 2   50  
61  184 37  
50  68  209 
139 39  37  
39  224 99  
0   38  113 
78  172 28  
224 78  7   
64  27  234 
138 242 142 
46  33  68  
152 81  57  
186 60  149 
26  78  26  
111 119 183 
157 232 67  
235 117 67  
199 227 72  
224 242 158 
164 96  240 
104 57  10  
254 92  69  
109 124 40  
79  71  67  
16  24  166 
58  54  207 
77  36  24  
132 89  188 
90  223 37  
4   198 18  
106 218 145 
12  171 204 
223 239 208 
45  138 197 
17  104 31  
111 21  149 
42  221 91  
74  180 133 
218 180 9   
13  228 230 
191 75  80  
112 243 112 
216 52  214 
128 192 117 
105 6   185 
49  132 5   
4   177 29  
49  218 94  
199 95  12  
214 121 59  
231 63  145 
57  90  220 
24  206 91  
221 72  223 
134 124 75  
122 7   69  
70  196 187 
181 150 50  
146 7   90  
252 56  75  
49  207 244 
184 69  195 
208 67  136 
140 250 113 
61  244 106 
105 187 137 
197 77  109 
146 129 202 
30  72  75  
238 115 67  
165 58  185 
51  212 249 
225 208 249 
208 201 20  
126 149 190 
167 179 100 
62  155 185 
240 2   89  
160 24  60  
219 204 187 
29  28  157 
204 154 205 
79  169 112 
74  30  168 
101 204 174 
243 209 224 
171 151 94  
24  172 215 
12  0   94  
198 120 83  
222 21  93  
111 102 41  
91  7   44  
112 247 24  
135 246 228 
30  84  51  
129 135 152 
40  162 104 
103 170 147 
111 4   253 
90  25  73  
164 61  36  
73  120 132 
72  53  248 
128 34  124 
224 204 113 
54  253 211 
132 195 63  
146 243 175 
16  160 142 
217 228 107 
147 213 17  
196 36  142 
226 158 247 
48  230 18  
80  69  142 
167 44  30  
247 209 191 
116 5   183 
33  79  177 
57  69  39  
164 50  42  
73  4   250 
85  125 142 
48  126 230 
229 182 138 
41  41  252 
185 210 204 
130 33  243 
161 152 91  
13  54  105 
124 52  100 
55  70  111 
36  232 160 
94  164 194 
68  31  155 
115 184 113 
217 84  127 
26  34  238 
144 135 60  
190 7   179 
71  53  27  
74  77  3   
80  13  26  
149 237 120 
78  220 177 
162 176 81  
194 102 197 
54  230 192 
162 30  245 
121 254 175 
143 7   139 
167 10  175 
135 29  174 
236 141 10  
37  20  178 
7   45  57  
205 88  144 
77  22  42  
86  138 243 
25  57  17  
14  245 89  
210 171 198 
49  171 57  
13  202 212 
38  77  46  
122 248 202 
32  170 154 
145 10  113 
243 184 55  
66  189 231 
66  151 149 
24  207 219 
78  154 120 
136 139 92  
11  141 141 
104 242 242 
73  174 242 
190 190 3   
25  25  133 
105 241 174 
170 145 250 
83  186 158 
87  236 29  
44  200 140 
166 145 216 
222 105 98  
88  196 205 
58  11  61  
226 182 163 
140 244 196 
236 151 96  
30  72  141 
166 17  91  
203 192 131 
7   1   178 
52  155 144 
99  68  71  
55  171 246 
212 239 173 
179 145 19  
103 82  145 
196 135 150 
19  140 128 
248 66  65  
222 167 31  
45  214 206 
187 107 34  
21  169 148 
12  106 179 
156 200 1   
204 246 6   
153 70  255 
200 2   69  
153 113 220 
116 22  31  
161 246 89  
59  230 160 
55  79  221 
101 35  23  
31  17  11  
218 168 59  
125 250 35  
116 14  203 
105 197 252 
161 68  89  
18  45  120 
118 204 9   
4   178 188 
145 165 99  
44  245 156 
87  5   140 
177 197 240 
107 120 132 
186 55  211 
123 253 55  
184 89  253 
173 52  134 
208 103 176 
89  194 145 
116 139 247 
205 105 235 
82  134 35  
84  150 128 
30  220 203 
180 72  79  
228 92  192 
220 158 74  
222 13  171 
125 115 253 
16  246 82  
197 204 200 
15  55  186 
111 6   207 
184 98  159 
230 9   236 
209 41  248 
55  229 74  
190 170 125 
245 166 116 
212 6   111 
105 71  249 
242 14  21  
161 5   239 
99  29  158 
57  131 9   
60  132 117 
241 130 241 
174 11  37  
117 25  37  
9   116 92  
220 167 146 
92  15  178 
198 3   147 
250 176 65  
40  144 44  
80  172 43  
39  61  143 
202 177 164 
135 155 84  
187 133 28  
164 145 231 
128 24  152 
239 84  24  
98  116 98  
87  168 215 
214 99  144 
57  159 123 
47  235 24  
160 77  38  
232 238 105 
253 39  45  
253 143 194 
164 4   129 
32  45  184 
172 5   143 
160 18  183 
7   202 23  
96  40  86  
238 180 230 
52  81  211 
237 45  117 
113 55  40  
61  52  221 
166 174 93  
45  144 163 
171 254 50  
193 124 64  
135 174 54  
215 183 126 
229 170 222 
110 38  246 
15  213 67  
233 153 87  
159 108 136 
92  85  64  
111 192 28  
76  101 205 
110 53  78  
102 233 48  
92  132 245 
20  213 231 
167 180 22  
5   229 107 
216 71  203 
248 178 116 
78  140 223 
109 31  34  
66  28  210 
15  167 167 
64  218 76  
233 42  77  
160 34  31  
204 74  237 
159 230 109 
115 128 42  
42  223 145 
60  103 18  
126 40  207 
151 243 245 
26  217 4   
126 143 147 
205 125 199 
137 85  233 
179 118 185 
130 225 69  
134 170 250 
131 102 118 
144 21  255 
5   22  38  
24  16  48  
100 253 195 
46  108 37  
203 210 130 
19  177 90  
134 122 102 
186 35  164 
31  42  74  
20  98  224 
223 107 97  
31  178 136 
136 112 176 
243 82  48  
91  124 96  
74  119 31  
204 70  6   
43  187 131 
119 164 49  
192 27  229 
42  225 216 
137 230 240 
33  140 132 
99  37  174 
210 157 71  
24  100 183 
207 66  227 
127 223 20  
168 193 168 
76  137 198 
221 31  243 
27  104 35  
58  147 93  
108 44  143 
44  245 236 
125 26  66  
254 159 242 
68  158 14  
247 125 86  
254 30  101 
207 67  122 
11  232 21  
248 255 5   
16  76  112 
169 126 43  
146 72  217 
187 66  86  
140 72  237 
164 250 56  
174 236 193 
65  182 171 
64  217 241 
46  87  238 
231 240 109 
216 224 35  
184 140 75  
141 184 18  
96  149 5   
57  5   158 
75  137 238 
147 147 121 
9   195 196 
226 25  240 
105 180 160 
162 180 232 
3   193 195 
181 233 99  
35  7   228 
227 147 45  
83  51  10  
209 135 115 
251 46  36  
194 215 125 
202 84  212 
176 245 196 
237 99  34  
172 41  16  
52  116 33  
130 21  103 
188 140 160 
12  62  250 
191 179 129 
200 208 78  
129 146 78  
130 31  76  
173 254 30  
51  133 12  
114 3   243 
101 186 107 
61  74  11  
190 180 208 
239 235 223 
124 173 175 
213 15  203 
9   235 163 
210 239 143 
247 81  63  
116 8   36  
248 240 225 
246 170 162 
179 5   43  
87  40  37  
140 46  245 
8   75  251 
175 188 202 
234 223 117 
0   101 88  
141 111 55  
200 201 86  
241 142 222 
39  140 203 
52  59  81  
188 233 197 
246 71  25  
5   10  211 
93  190 147 
93  145 233 
245 200 219 
171 21  117 
232 133 191 
20  121 203 
69  186 31  
87  105 51  
66  126 125 
153 104 67  
201 37  180 
203 45  70  
173 17  8   
240 66  219 
88  55  10  
237 34  28  
208 124 20  
167 78  229 
105 54  57  
159 13  20  
126 110 1   
77  204 218 
2   193 82  
224 101 120 
202 231 70  
53  182 246 
225 78  233 
35  64  186 
74  79  23  
108 213 16  
236 223 226 
239 122 243 
170 212 88  
247 7   190 
214 7   123 
183 40  152 
116 8   198 
81  206 169 
18  29  154 
251 59  126 
30  185 98  
36  28  44  
252 190 88  
159 120 16  
84  19  33  
69  94  52  
69  135 204 
139 151 206 
135 244 210 
245 198 83  
159 19  28  
131 185 8   
181 143 79  
86  221 37  
170 51  193 
71  15  220 
122 68  231 
43  71  231 
29  108 26  
238 200 109 
87  189 10  
212 216 84  
55  181 52  
127 58  100 
65  76  53  
136 215 194 
104 113 215 
208 84  172 
108 132 32  
212 145 126 
59  170 212 
163 67  104 
89  22  38  
83  33  100 
135 144 140 
254 99  56  
29  237 244 
175 126 193 
213 49  196 
202 104 173 
243 139 117 
215 197 108 
19  121 167 
175 204 9   
5   165 252 
129 199 34  
122 107 28  
46  122 59  
118 253 178 
226 214 34  
188 160 73  
255 188 26  
178 128 66  
172 203 9   
114 0   103 
172 98  224 
250 160 195 
72  90  238 
196 192 199 
110 51  232 
42  242 229 
85  154 193 
89  155 36  
71  152 171 
204 10  95  
96  207 224 
128 84  43  
96  134 248 
97  150 152 
228 122 251 
160 107 72  
163 172 115 
238 185 148 
131 163 41  
221 30  178 
156 221 80  
197 169 32  
134 100 73  
11  163 185 
140 191 79  
150 139 64  
146 185 158 
215 163 78  
207 180 250 
181 142 216 
172 134 166 
50  248 210 
111 8   29  
172 69  153 
111 232 58  
1   170 35  
8   92  134 
4   74  46  
140 192 235 
3   39  228 
222 82  254 
79  15  167 
129 125 154 
1   194 12  
60  121 135 
120 6   37  
157 42  89  
60  111 177 
14  123 215 
79  245 199 
51  183 129 
19  188 21  
193 132 19  
79  146 211 
29  138 20  
244 17  241 
90  245 207 
177 102 40  
116 72  84  
132 43  0   
213 73  70  
182 223 227 
141 224 163 
17  213 207 
192 70  213 
49  182 80  
54  217 157 
55  233 195 
23  104 189 
82  131 18  
49  221 115 
209 134 106 
96  138 25  
185 157 150 
240 133 138 
34  147 6   
10  213 29  
186 55  180 
146 101 84  
67  115 87  
2   237 144 
237 183 166 
30  90  109 
207 9   167 
151 90  140 
249 89  46  
254 19  248 
205 239 27  
144 52  115 
161 5   3   
190 221 59  
221 241 56  
138 18  52  
15  108 123 
5   179 121 
166 207 180 
150 51  191 
95  105 126 
211 133 16  
127 52  126 
18  238 197 
110 149 170 
252 199 210 
91  241 15  
199 86  180 
228 43  194 
228 61  167 
249 125 242 
67  49  242 
127 31  92  
124 5   99  
77  177 145 
120 27  88  
161 121 202 
124 228 228 
40  191 66  
150 246 241 
28  246 72  
225 213 112 
47  115 145 
37  148 243 
60  224 103 
169 207 76  
250 174 206 
101 167 254 
21  45  185 
205 213 160 
138 31  218 
233 232 147 
15  214 189 
127 67  138 
239 66  45  
114 134 214 
174 122 13  
165 87  128 
58  158 43  
8   209 135 
166 50  197 
149 254 234 
160 58  168 
95  38  62  
30  182 53  
17  224 255 
240 96  184 
104 29  230 
67  176 202 
133 173 223 
55  149 188 
53  240 124 
16  96  58  
126 169 242 
176 215 169 
17  46  7   
91  112 238 
110 117 127 
241 24  154 
223 161 218 
35  25  180 
158 31  143 
83  251 152 
179 124 9   
25  118 165 
115 108 4   
162 205 168 
174 200 40  
108 39  83  
228 101 244 
5   198 22  
30  16  74  
216 42  54  
59  31  74  
47  128 0   
213 75  57  
240 245 88  
11  207 160 
198 183 37  
201 9   242 
171 215 63  
113 13  86  
19  67  238 
236 225 99  
44  143 27  
142 102 246 
235 82  188 
77  25  104 
214 45  48  
67  40  203 
220 233 116 
112 151 2   
144 41  132 
46  105 191 
155 156 72  
233 7   217 
84  193 204 
229 89  117 
173 140 199 
63  77  243 
254 151 148 
114 200 167 
84  161 39  
255 45  182 
82  138 174 
14  250 192 
188 9   209 
30  56  27  
77  211 220 
32  169 189 
102 240 46  
147 249 52  
176 100 192 
120 91  64  
212 129 176 
53  96  224 
202 125 3   
199 230 245 
117 28  34  
209 110 204 
133 142 195 
98  64  41  
210 216 51  
143 33  172 
179 84  66  
55  139 167 
250 59  64  
134 162 187 
154 46  204 
15  95  214 
42  55  98  
156 172 112 
188 192 233 
5   90  16  
192 104 184 
163 63  129 
235 202 195 
70  229 68  
97  140 245 
177 133 28  
141 73  217 
10  72  206 
105 66  43  
191 4   100 
44  207 229 
210 240 150 
147 7   217 
133 5   42  
64  31  10  
226 255 102 
232 109 51  
148 67  236 
64  12  65  
1   21  144 
236 156 177 
180 216 18  
229 147 5   
112 92  192 
6   14  218 
128 99  103 
193 54  61  
39  217 30  
48  134 80  
62  126 213 
0   154 105 
86  241 168 
224 81  31  
3   94  100 
125 99  16  
27  57  205 
54  193 66  
7   203 117 
8   79  104 
128 131 76  
102 229 118 
69  67  58  
245 145 70  
183 37  79  
102 141 67  
87  105 120 
231 112 73  
152 138 195 
219 125 70  
143 178 129 
222 31  66  
90  254 249 
65  239 196 
89  83  107 
126 221 229 
144 182 130 
89  79  108 
207 100 149 
162 80  181 
103 30  70  
216 49  107 
157 89  91  
33  30  44  
30  102 230 
76  150 181 
23  163 24  
222 205 42  
197 78  84  
81  95  145 
152 161 92  
21  220 160 
57  49  175 
245 17  101 
28  204 110 
228 34  124 
95  79  100 
103 203 196 
32  34  4   
23  101 215 
159 95  129 
231 132 181 
185 211 65  
56  62  92  
164 85  92  
233 136 69  
243 42  239 
214 43  251 
81  111 100 
139 52  78  
108 189 253 
21  245 206 
6   133 70  
57  240 137 
48  215 59  
118 68  75  
19  145 67  
157 109 210 
214 37  83  
231 127 171 
124 124 208 
204 32  186 
219 159 10  
13  233 153 
239 43  111 
174 254 82  
61  185 184 
208 249 30  
2   201 204 
174 121 53  
91  203 5   
40  249 204 
177 86  26  
163 186 214 
11  188 229 
38  225 41  
22  112 176 
253 31  11  
253 245 214 
69  117 94  
106 96  223 
50  247 218 
79  133 87  
242 156 31  
60  103 21  
107 123 131 
112 144 171 
88  3   221 
239 74  55  
106 16  205 
57  252 207 
112 242 42  
121 27  58  
190 187 148 
72  94  184 
72  109 108 
89  73  3   
42  228 147 
160 34  209 
147 143 197 
217 234 128 
82  79  110 
126 249 179 
113 34  65  
133 71  6   
167 87  2   
125 135 38  
128 129 64  
234 168 237 
148 108 240 
237 77  88  
34  178 38  
147 97  106 
232 206 103 
111 212 92  
16  190 65  
64  28  172 
134 139 48  
212 26  229 
31  84  250 
105 104 57  
75  182 0   
55  65  66  
81  158 63  
242 130 137 
64  232 249 
88  117 157 
30  97  47  
47  98  227 
0   252 129 
59  29  111 
3   91  7   
26  9   119 
107 5   70  
1   70  70  
76  216 76  
210 9   189 
139 147 145 
6   76  187 
30  150 58  
87  84  12  
198 39  202 
59  201 173 
199 219 107 
132 73  125 
69  243 76  
197 194 194 
72  211 203 
76  252 2   
163 214 106 
213 15  31  
35  46  187 
56  196 193 
217 150 193 
201 11  102 
97  249 131 
32  10  182 
104 95  191 
131 124 240 
231 189 253 
41  80  136 
201 124 115 
9   197 76  
250 214 126 
254 127 170 
17  84  151 
94  73  246 
15  20  8   
82  117 182 
232 166 218 
159 33  91  
215 151 174 
149 206 5   
171 8   114 
96  2   13  
138 231 70  
245 242 146 
223 157 226 
72  104 66  
114 82  85  
151 94  16  
217 21  7   
234 7   147 
187 138 55  
22  54  72  
171 234 105 
230 114 242 
122 126 141 
60  11  184 
81  216 191 
64  12  235 
250 120 235 
255 233 106 
27  157 195 
0   47  30  
78  119 194 
190 164 17  
93  242 55  
10  155 252 
19  206 138 
188 99  105 
85  201 55  
63  32  192 
132 253 52  
220 108 207 
92  199 192 
212 142 176 
196 207 206 
158 50  31  
80  4   129 
241 221 149 
102 180 119 
89  156 205 
64  1   225 
140 152 120 
65  95  134 
186 150 70  
89  233 80  
135 143 158 
114 163 245 
125 221 136 
16  12  209 
8   188 197 
177 138 19  
105 6   0   
144 152 199 
25  116 159 
216 183 105 
145 208 163 
102 153 255 
128 210 142 
176 253 236 
200 171 79  
106 50  254 
223 96  161 
253 63  100 
100 136 99  
240 29  140 
14  8   207 
204 138 28  
55  226 156 
47  96  128 
183 57  114 
252 112 202 
202 12  50  
241 80  206 
51  92  5   
11  166 192 
220 188 51  
124 203 205 
164 121 33  
34  225 84  
26  216 30  
191 177 205 
83  36  181 
98  236 140 
31  127 194 
192 163 216 
75  173 133 
111 13  13  
174 90  89  
68  255 199 
53  136 229 
61  154 69  
46  37  224 
192 27  136 
118 250 182 
26  214 215 
101 120 184 
127 192 174 
134 5   160 
252 17  71  
120 218 130 
21  233 57  
147 149 144 
12  255 229 
35  7   54  
3   188 166 
86  234 116 
114 87  254 
52  128 133 
170 200 58  
52  72  53  
97  175 65  
77  83  113 
117 128 138 
152 221 245 
102 150 110 
218 44  42  
65  248 78  
143 242 138 
237 243 70  
79  156 42  
16  222 103 
164 85  58  
20  156 174 
166 168 147 
238 186 45  
253 5   183 
179 58  36  
24  149 199 
34  105 253 
182 31  92  
170 91  103 
26  241 73  
152 215 2   
125 8   169 
109 216 97  
154 229 211 
142 252 67  
110 219 252 
206 105 87  
122 185 183 
125 24  237 
48  20  145 
9   134 84  
77  167 122 
74  50  226 
79  126 188 
21  127 210 
80  228 174 
173 205 129 
220 89  101 
40  222 170 
171 236 15  
225 236 182 
67  207 195 
139 252 62  
232 13  225 
140 73  69  
107 153 92  
159 226 228 
179 54  136 
240 209 82  
20  237 60  
47  97  148 
211 1   104 
83  98  52  
108 170 116 
248 116 213 
104 253 254 
171 199 123 
242 198 213 
118 213 228 
102 64  63  
141 243 63  
143 246 237 
240 221 38  
81  44  48  
87  125 171 
241 159 66  
198 160 207 
58  129 198 
156 92  200 
43  252 205 
249 72  211 
249 163 255 
207 227 142 
138 144 185 
251 178 13  
172 44  65  
51  255 39  
185 207 93  
184 70  173 
111 181 242 
1   174 133 
24  7   118 
227 27  231 
92  224 87  
219 194 39  
88  147 169 
133 74  217 
198 169 177 
113 215 40  
91  67  55  
196 146 188 
176 237 150 
113 145 136 
74  5   1   
240 45  77  
147 58  140 
179 27  190 
246 216 191 
210 241 126 
81  217 235 
164 220 125 
115 242 124 
56  169 88  
115 25  243 
243 122 197 
242 48  85  
188 181 51  
170 221 44  
122 19  45  
223 189 114 
212 223 25  
133 104 253 
110 186 110 
59  6   68  
30  128 119 
110 103 144 
202 47  51  
58  220 255 
236 212 5   
234 63  228 
248 227 32  
32  234 90  
14  153 247 
17  152 51  
193 43  32  
88  90  134 
223 237 100 
74  41  133 
118 194 242 
213 194 107 
146 105 245 
75  197 149 
95  132 246 
173 84  41  
189 120 210 
80  166 227 
99  105 52  
243 69  206 
37  253 201 
155 248 25  
249 191 173 
212 125 83  
204 37  192 
43  168 163 
78  171 229 
244 129 220 
56  137 92  
191 110 136 
183 226 176 
10  156 48  
5   135 242 
13  24  142 
88  163 60  
186 84  118 
173 225 173 
63  24  142 
21  247 94  
178 11  50  
150 150 0   
174 81  20  
185 44  33  
7   244 126 
92  0   78  
226 29  59  
100 142 140 
209 57  140 
95  46  216 
200 161 198 
58  104 178 
4   105 91  
144 131 230 
53  84  129 
72  58  0   
145 39  184 
119 143 56  
155 205 217 
185 59  193 
188 16  120 
136 45  175 
9   205 186 
58  17  245 
192 236 243 
167 221 55  
104 140 168 
170 207 83  
160 24  196 
249 99  247 
243 71  33  
6   46  156 
79  51  190 
236 160 187 
247 9   49  
147 16  33  
3   7   49  
136 175 161 
204 184 85  
76  49  151 
214 185 93  
248 67  2   
19  99  149 
141 47  25  
158 52  54  
83  63  162 
49  203 220 
0   188 125 
13  210 90  
175 150 27  
11  47  154 
200 33  220 
11  75  79  
103 101 135 
3   91  156 
236 245 91  
82  227 0   
171 78  108 
50  243 42  
5   31  63  
75  207 122 
73  23  236 
230 251 97  
43  9   48  
40  231 226 
187 130 44  
93  170 211 
28  37  204 
66  145 186 
112 110 4   
195 112 92  
174 165 110 
181 236 84  
94  46  232 
106 68  71  
118 118 63  
56  60  150 
199 40  22  
72  51  161 
185 125 126 
65  150 239 
74  178 1   
181 37  220 
146 20  12  
88  203 153 
45  40  252 
100 241 166 
100 199 58  
187 153 16  
234 81  42  
162 164 11  
130 75  214 
51  15  209 
247 244 164 
206 13  201 
28  190 115 
53  65  87  
217 181 236 
25  140 243 
109 37  248 
60  44  82  
107 52  145 
126 27  200 
34  34  107 
101 235 41  
106 103 35  
3   156 213 
12  245 254 
75  27  179 
68  55  89  
48  101 72  
9   181 89  
36  139 49  
33  90  128 
208 9   151 
47  206 42  
28  40  142 
50  111 38  
230 104 81  
58  189 234 
241 38  217 
57  95  7   
242 248 67  
56  11  241 
207 114 2   
89  242 56  
101 85  207 
114 135 189 
109 88  211 
31  176 145 
97  7   136 
156 199 125 
104 112 50  
208 250 95  
181 146 17  
64  224 228 
223 205 149 
244 104 74  
23  195 54  
104 100 44  
78  104 197 
34  100 131 
163 57  75  
138 156 103 
175 202 214 
12  6   50  
147 49  196 
184 6   13  
206 248 102 
206 50  30  
64  150 21  
7   17  195 
237 163 20  
115 240 158 
89  71  203 
63  23  104 
152 144 67  
200 10  191 
97  171 235 
196 155 101 
201 68  16  
101 236 181 
110 114 139 
196 195 53  
63  243 144 
248 183 135 
32  173 174 
161 23  50  
26  171 78  
211 166 245 
222 17  99  
160 123 161 
186 188 4   
184 166 173 
87  134 32  
211 106 0   
218 106 152 
227 47  174 
56  246 90  
67  116 143 
231 213 89  
88  104 252 
42  83  105 
98  250 28  
166 39  121 
111 123 132 
15  233 155 
175 39  19  
5   255 206 
156 52  81  
124 230 150 
170 49  197 
64  30  196 
131 224 240 
120 39  243 
250 209 246 
56  79  166 
59  100 32  
118 68  23  
220 0   173 
15  155 13  
225 156 189 
145 221 83  
206 242 55  
7   173 168 
95  245 238 
6   38  63  
124 87  124 
156 131 45  
126 77  141 
246 176 83  
235 208 134 
223 86  159 
42  10  214 
92  121 198 
227 176 78  
20  202 193 
4   120 83  
76  54  170 
161 244 201 
143 89  217 
45  103 7   
109 223 72  
189 131 51  
203 253 169 
80  5   216 
184 124 185 
88  169 154 
203 28  170 
240 248 66  
113 46  197 
138 209 172 
181 183 139 
244 191 57  
102 128 255 
10  130 197 
172 214 233 
112 74  94  
103 239 33  
30  156 51  
237 45  79  
180 215 102 
5   182 164 
197 210 203 
45  19  112 
154 15  198 
142 222 163 
35  106 178 
49  165 162 
11  96  162 
72  134 241 
44  52  100 
173 54  158 
210 156 247 
236 110 120 
148 200 8   
97  249 118 
165 210 7   
100 202 212 
245 3   247 
114 240 214 
113 108 5   
201 68  48  
65  195 137 
5   23  126 
229 138 1   
151 82  95  
106 225 34  
34  204 255 
65  157 22  
50  186 61  
80  111 124 
198 129 181 
95  70  209 
157 98  72  
235 51  54  
73  165 4   
1   112 227 
120 92  121 
184 98  157 
243 207 214 
92  171 10  
59  48  104 
104 160 186 
216 44  84  
229 203 60  
176 107 159 
199 56  156 
251 42  227 
91  193 21  
182 105 61  
233 151 230 
163 101 97  
20  184 130 
52  95  207 
155 15  154 
247 209 160 
140 115 174 
90  171 106 
9   201 39  
224 41  34  
42  229 45  
31  95  12  
170 9   177 
31  151 22  
85  17  102 
246 10  52  
116 169 159 
172 163 147 
182 36  69  
210 201 192 
61  207 106 
82  96  19  
207 208 34  
93  141 6   
110 241 164 
136 213 50  
188 235 235 
115 174 52  
238 11  70  
145 169 167 
72  71  152 
229 176 236 
77  30  62  
214 18  130 
50  211 208 
107 85  26  
48  235 56  
130 255 167 
192 242 215 
233 226 25  
252 240 172 
95  132 139 
133 27  187 
230 181 6   
197 163 40  
240 133 44  
110 177 190 
72  7   99  
120 237 222 
206 166 86  
19  36  5   
84  253 239 
71  233 112 
71  113 19  
59  72  130 
230 245 195 
85  221 250 
52  200 114 
176 244 30  
236 15  176 
162 121 96  
26  141 124 
68  222 42  
40  249 216 
56  78  217 
132 144 115 
35  182 8   
38  254 139 
150 145 187 
159 185 77  
91  128 20  
123 81  99  
92  16  137 
22  117 112 
168 54  216 
63  150 162 
56  115 58  
47  101 174 
132 158 112 
204 177 203 
16  183 202 
38  68  131 
110 103 58  
183 210 126 
112 232 6   
201 25  141 
122 138 194 
14  192 152 
53  30  147 
85  158 75  
25  223 236 
211 101 139 
122 186 64  
143 239 25  
41  254 99  
185 154 250 
195 224 141 
37  118 107 
63  88  64  
29  52  152 
103 55  123 
69  21  73  
51  149 254 
71  78  65  
66  223 149 
126 149 10  
236 47  157 
226 216 89  
155 179 62  
215 78  84  
110 79  21  
184 95  100 
83  192 60  
45  23  83  
32  230 253 
177 31  230 
79  4   133 
209 112 57  
98  15  123 
13  70  125 
39  107 73  
98  238 245 
78  164 110 
225 137 60  
15  6   63  
231 230 54  
205 30  217 
207 236 73  
4   141 51  
48  92  162 
222 178 146 
9   205 185 
59  23  208 
109 45  83  
33  168 44  
135 50  170 
198 23  169 
15  123 146 
169 254 33  
135 84  162 
135 154 142 
222 89  214 
3   60  67  
69  107 39  
89  190 13  
91  183 255 
129 153 100 
252 187 159 
125 118 69  
87  143 206 
204 79  68  
28  222 105 
66  124 242 
212 80  168 
169 58  186 
204 83  59  
247 149 181 
27  138 139 
10  183 38  
162 71  190 
21  11  163 
29  219 80  
87  187 22  
160 162 103 
168 104 17  
15  24  35  
253 50  54  
114 85  151 
254 111 158 
64  191 62  
55  154 125 
230 226 246 
147 95  128 
60  156 237 
28  222 148 
172 43  12  
59  107 18  
39  186 189 
233 119 137 
78  127 32  
144 116 158 
82  141 6   
144 193 181 
113 225 85  
158 8   103 
34  92  156 
128 154 235 
77  155 1   
205 159 250 
34  243 209 
182 65  225 
106 3   80  
14  20  181 
102 137 173 
3   108 226 
156 139 26  
72  97  151 
34  239 112 
159 170 181 
64  15  0   
4   159 73  
137 250 72  
238 251 199 
183 90  204 
87  60  109 
235 50  79  
145 173 160 
35  248 10  
16  126 38  
9   186 199 
176 121 132 
97  67  226 
34  55  231 
187 130 152 
133 221 103 
70  167 56  
84  201 128 
197 171 9   
44  187 22  
28  57  6   
38  93  101 
245 58  190 
169 51  163 
95  119 248 
5   95  65  
128 0   242 
58  189 16  
179 96  73  
178 60  186 
158 201 244 
222 137 63  
41  183 220 
239 95  133 
100 195 231 
37  26  25  
179 147 157 
108 104 173 
224 48  181 
58  32  253 
228 42  26  
240 174 31  
122 79  84  
45  150 107 
235 222 92  
203 247 122 
137 134 60  
133 29  241 
209 136 11  
122 118 21  
52  212 39  
5   150 85  
242 4   193 
156 5   80  
139 118 11  
189 5   3   
185 253 174 
20  163 30  
230 216 85  
84  165 184 
159 249 108 
127 48  210 
124 190 102 
148 71  111 
101 166 36  
216 103 41  
70  178 83  
54  239 139 
144 102 225 
105 27  152 
22  176 215 
238 176 69  
37  25  51  
244 181 215 
242 15  156 
185 199 88  
166 42  7   
33  237 173 
181 178 170 
102 246 235 
76  220 197 
43  199 253 
232 112 47  
99  35  191 
133 213 171 
198 209 17  
221 192 112 
200 48  153 
176 235 105 
82  154 37  
14  168 15  
169 28  240 
23  45  252 
70  117 54  
180 230 127 
151 91  218 
44  52  207 
214 111 12  
170 96  195 
119 113 51  
7   171 15  
230 141 133 
130 201 110 
135 213 16  
32  29  78  
51  74  36  
232 148 214 
172 3   99  
72  253 91  
190 79  217 
55  29  154 
1   227 238 
237 251 95  
124 116 17  
89  21  87  
157 89  108 
142 132 60  
60  247 1   
227 46  166 
164 44  253 
124 154 33  
216 251 46  
112 8   88  
144 28  210 
210 213 113 
159 67  64  
61  90  245 
192 61  26  
182 185 214 
1   47  7   
5   100 113 
65  153 43  
209 58  160 
123 246 206 
31  147 48  
219 6   244 
11  141 98  
197 37  223 
213 117 60  
94  67  162 
139 48  207 
58  87  86  
6   224 197 
46  89  145 
238 60  209 
135 53  41  
254 93  217 
12  49  117 
198 233 235 
151 177 119 
148 218 99  
39  112 200 
85  97  208 
189 126 17  
133 144 105 
98  154 117 
138 201 67  
34  210 70  
16  49  129 
231 102 198 
60  141 48  
113 95  242 
210 86  148 
235 94  139 
165 235 11  
193 142 201 
227 39  215 
195 187 139 
32  194 104 
194 254 224 
48  75  5   
39  127 47  
38  155 219 
43  60  123 
26  17  225 
197 211 108 
134 248 18  
99  195 29  
80  224 235 
8   162 241 
228 220 48  
110 53  205 
233 220 97  
42  117 145 
116 154 107 
25  219 166 
197 217 120 
119 145 242 
246 225 233 
104 90  161 
36  132 219 
227 78  118 
244 8   214 
63  183 165 
135 206 100 
207 185 105 
58  150 201 
79  141 207 
198 156 25  
23  109 108 
150 20  88  
67  141 254 
114 173 105 
94  174 33  
209 22  249 
43  53  162 
109 203 167 
157 199 24  
237 135 27  
40  212 197 
198 52  199 
233 165 248 
159 52  132 
89  189 89  
217 74  86  
132 179 240 
15  155 237 
4   202 196 
167 122 191 
39  246 96  
206 245 219 
8   19  169 
114 105 188 
142 108 195 
23  129 191 
130 239 248 
156 101 25  
67  162 223 
74  18  81  
190 44  56  
193 10  176 
174 148 48  
165 219 41  
95  138 18  
18  51  160 
93  201 145 
68  121 158 
210 124 33  
244 35  208 
144 173 43  
91  65  227 
239 33  249 
217 243 163 
7   49  162 
177 202 95  
240 128 117 
93  62  252 
15  160 126 
95  190 76  
151 3   68  
164 11  116 
202 196 215 
202 221 146 
155 54  182 
242 250 218 
190 57  68  
222 81  229 
82  192 194 
139 178 235 
160 16  5   
140 56  28  
164 161 91  
204 138 82  
98  167 110 
133 110 212 
47  173 245 
138 117 226 
122 199 150 
55  155 69  
182 72  81  
170 51  18  
116 254 64  
8   125 99  
207 99  144 
0   181 185 
186 63  8   
209 119 56  
204 182 119 
109 207 10  
161 183 210 
157 89  128 
233 62  254 
51  37  209 
183 241 111 
162 112 134 
183 249 31  
155 79  239 
76  44  145 
127 208 61  
200 224 221 
201 78  18  
62  252 241 
184 224 162 
155 37  146 
222 51  185 
9   31  190 
110 39  80  
202 174 125 
79  12  104 
14  161 72  
98  85  100 
113 209 138 
132 18  39  
34  50  236 
44  149 146 
224 80  99  
180 16  63  
89  198 66  
183 16  136 
133 150 184 
0   22  56  
19  110 132 
255 196 130 
19  51  202 
205 94  13  
72  118 65  
14  135 46  
246 149 61  
101 126 177 
16  190 67  
52  86  193 
251 9   31  
209 207 199 
117 93  189 
133 226 90  
59  241 51  
240 29  156 
124 115 184 
152 92  150 
72  69  130 
219 143 104 
112 78  191 
125 127 115 
154 79  36  
125 216 197 
113 192 201 
255 223 105 
59  161 74  
109 158 111 
61  191 102 
27  112 198 
177 90  143 
14  42  61  
61  62  45  
191 89  74  
44  155 128 
233 81  96  
211 74  100 
198 250 2   
240 67  105 
74  161 218 
225 103 241 
52  58  105 
3   241 97  
24  207 64  
157 44  128 
173 22  188 
26  59  151 
249 96  179 
147 28  245 
59  102 157 
193 42  222 
166 150 27  
250 199 20  
65  241 235 
202 250 118 
139 157 166 
59  33  110 
185 180 224 
247 15  29  
162 246 128 
190 34  142 
181 110 107 
234 57  86  
144 35  211 
247 158 100 
20  111 207 
76  44  247 
0   147 2   
177 101 241 
131 161 124 
59  57  248 
63  208 32  
153 158 51  
182 214 44  
249 82  122 
25  230 182 
13  96  83  
231 83  65  
210 61  22  
242 21  182 
37  146 12  
143 157 94  
78  22  103 
39  186 186 
2   4   94  
100 131 68  
152 10  218 
166 122 129 
86  205 115 
146 108 238 
44  81  180 
204 177 170 
52  230 209 
61  225 238 
199 108 99  
126 26  177 
25  7   193 
53  93  10  
139 159 9   
138 190 42  
57  193 254 
251 83  18  
113 177 69  
63  33  61  
14  220 162 
244 128 3   
244 226 68  
74  170 98  
30  242 76  
236 114 97  
251 45  8   
210 83  93  
12  76  150 
205 89  208 
6   191 247 
215 146 123 
225 252 181 
159 12  245 
156 183 166 
199 135 13  
155 58  113 
195 94  139 
243 30  230 
98  102 37  
247 3   72  
107 162 200 
224 41  15  
207 37  143 
122 240 221 
92  124 242 
2   173 140 
254 105 18  
197 83  166 
231 234 60  
42  226 167 
63  174 232 
25  152 213 
37  145 230 
12  91  149 
35  181 122 
40  217 134 
114 76  147 
43  69  196 
146 51  96  
30  194 41  
43  241 237 
1   223 100 
45  183 152 
239 167 50  
171 102 118 
110 57  51  
230 218 4   
226 227 255 
130 228 177 
99  48  140 
221 173 41  
94  115 9   
247 137 113 
206 169 178 
124 95  37  
243 210 79  
192 36  128 
200 12  89  
213 45  241 
171 22  254 
0   60  115 
252 3   117 
58  142 217 
146 75  100 
129 97  204 
90  116 70  
29  159 56  
131 14  22  
50  182 80  
252 188 163 
42  204 119 
52  109 95  
226 190 170 
88  44  134 
162 191 71  
132 254 236 
62  103 65  
167 200 217 
250 141 29  
3   62  182 
8   84  85  
148 62  126 
180 30  238 
194 43  46  
153 110 96  
40  36  164 
124 221 44  
92  36  175 
153 172 171 
245 118 72  
134 161 0   
69  0   32  
252 34  47  
129 78  8   
38  218 200 
81  108 231 
64  72  173 
245 229 47  
176 254 211 
135 137 22  
228 139 16  
5   201 254 
145 54  90  
38  197 208 
43  25  1   
34  96  55  
174 68  194 
248 249 251 
18  232 203 
222 157 239 
252 183 16  
214 196 44  
142 7   114 
159 0   148 
96  82  172 
123 38  207 
10  41  14  
135 210 60  
200 185 90  
141 95  149 
31  110 108 
162 161 48  
138 93  117 
233 9   35  
149 115 231 
80  250 184 
251 169 109 
45  116 247 
154 157 130 
245 102 40  
83  108 130 
139 65  157 
64  162 74  
223 166 43  
192 137 194 
204 65  18  
60  88  234 
119 50  78  
200 221 63  
162 143 120 
221 192 143 
171 238 207 
227 113 149 
50  236 251 
74  85  254 
155 46  166 
88  224 155 
225 90  3   
0   145 242 
129 236 212 
88  10  104 
94  251 154 
138 192 187 
230 71  234 
88  249 137 
239 42  31  
129 9   19  
2   63  221 
179 19  128 
0   218 43  
199 185 67  
114 175 9   
127 129 127 
232 47  195 
255 210 118 
33  138 130 
174 222 101 
254 90  191 
79  211 92  
112 89  162 
105 35  248 
219 185 122 
89  201 3   
167 244 207 
168 210 100 
241 47  186 
118 149 241 
160 128 139 
21  97  244 
76  191 226 
52  127 133 
176 168 194 
35  232 15  
166 111 85  
18  251 143 
217 31  79  
105 14  116 
177 91  44  
122 187 44  
46  85  207 
67  48  185 
160 23  28  
255 244 231 
133 120 169 
171 211 1   
246 74  161 
215 244 13  
99  173 93  
84  76  252 
147 136 111 
155 228 80  
36  143 12  
8   173 36  
251 111 25  
61  217 159 
105 232 72  
67  242 53  
233 4   2   
73  33  68  
198 174 29  
15  107 237 
19  78  132 
95  203 62  
172 64  95  
33  108 5   
63  52  95  
239 119 224 
147 225 53  
52  51  111 
133 147 99  
55  96  170 
