245 120 158 
77  69  254 
228 54  161 
232 109 1   
80  236 108 
38  184 107 
8   64  220 
236 3   28  
35  200 154 
16  91  38  
173 142 253 
42  32  248 
179 106 129 
182 23  162 
235 135 190 
168 42  20  
117 162 31  
203 202 118 
102 234 207 
130 55  218 
26  142 138 
191 16  254 
127 77  100 
76  252 221 
218 182 152 
192 81  52  
184 211 0   
173 247 83  
0   106 204 
243 10  203 
103 44  131 
57  219 213 
181 91  130 
243 96  141 
157 210 113 
142 60  85  
17  120 94  
138 225 246 
88  129 132 
177 123 95  
95  11  241 
174 156 16  
232 247 117 
169 243 147 
175 19  172 
190 100 144 
159 237 6   
93  99  98  
161 227 10  
253 96  49  
188 85  83  
170 158 7   
111 251 248 
78  215 81  
152 212 90  
200 113 200 
60  38  136 
49  57  201 
17  130 199 
222 212 110 
156 212 214 
253 112 16  
54  224 4   
227 85  2   
99  185 57  
95  103 147 
52  25  128 
183 192 200 
177 165 174 
18  219 78  
128 125 62  
129 19  128 
61  166 129 
224 97  174 
69  58  161 
74  160 219 
225 91  60  
216 184 170 
16  92  118 
218 131 60  
102 155 212 
209 80  32  
185 6   66  
210 70  176 
144 70  17  
30  26  108 
148 241 205 
10  210 46  
109 105 62  
146 145 79  
216 38  239 
44  153 19  
217 152 17  
182 8   253 
79  247 153 
145 1   215 
85  136 220 
73  53  135 
62  67  37  
91  18  20  
9   235 245 
248 254 107 
150 234 226 
211 99  185 
22  144 98  
94  130 121 
92  141 218 
4   65  138 
32  186 200 
62  107 232 
86  138 230 
152 33  219 
27  191 149 
255 114 184 
247 55  244 
241 72  141 
85  229 108 
103 50  74  
139 93  151 
139 184 72  
196 120 208 
155 49  61  
165 247 207 
144 92  249 
145 47  20  
87  43  138 
201 43  26  
188 119 142 
228 192 130 
105 161 226 
85  136 186 
115 73  240 
241 193 201 
115 161 71  
181 129 71  
32  3   65  
66  194 172 
224 215 232 
198 42  120 
208 237 87  
70  167 232 
39  212 66  
138 49  46  
14  213 119 
26  74  102 
63  157 115 
13  30  193 
0   187 86  
150 80  161 
98  119 225 
150 206 142 
194 185 76  
155 75  88  
5   240 11  
17  45  192 
2   55  218 
154 16  120 
22  49  174 
188 50  94  
220 79  94  
104 90  67  
119 130 27  
16  32  149 
247 126 20  
64  160 197 
187 30  215 
242 251 71  
224 140 80  
25  51  120 
31  56  116 
26  71  211 
165 189 250 
41  155 53  
203 76  174 
194 7   37  
181 56  73  
185 50  93  
73  170 201 
147 245 1   
247 183 195 
42  0   72  
69  64  41  
204 254 140 
40  111 116 
72  217 238 
134 168 50  
179 0   27  
121 66  109 
206 180 211 
44  113 98  
64  198 63  
104 34  127 
56  78  55  
43  177 171 
8   67  15  
222 200 56  
208 255 126 
7   203 22  
103 14  184 
138 149 30  
242 220 221 
209 124 148 
240 30  66  
124 200 42  
162 13  70  
97  43  39  
25  198 165 
5   225 135 
81  111 148 
213 114 49  
33  242 11  
205 84  140 
235 109 250 
73  231 27  
69  163 103 
52  114 246 
36  26  168 
215 47  42  
36  168 54  
238 147 105 
3   147 191 
209 69  157 
110 158 147 
217 135 41  
174 147 119 
61  6   10  
211 41  128 
33  63  20  
119 87  142 
145 1   249 
43  116 115 
151 183 227 
39  180 243 
176 124 193 
225 230 31  
77  38  161 
137 118 179 
35  201 163 
164 37  132 
117 104 107 
58  250 35  
155 202 36  
80  79  57  
122 171 105 
175 14  78  
167 194 175 
26  119 247 
95  88  12  
134 8   160 
177 94  106 
250 93  105 
88  68  136 
17  36  212 
62  3   88  
94  114 51  
166 23  148 
32  34  26  
102 89  175 
11  11  64  
183 251 96  
14  32  140 
144 23  123 
86  227 80  
126 137 215 
14  180 211 
114 16  115 
132 214 192 
15  240 22  
182 77  20  
72  126 26  
125 220 155 
125 102 44  
203 203 33  
83  141 26  
184 67  225 
247 211 18  
79  92  220 
149 42  220 
98  48  22  
33  187 236 
200 152 238 
202 13  107 
208 88  14  
176 108 129 
210 224 168 
169 4   138 
38  250 247 
72  105 248 
231 243 57  
92  130 19  
72  31  166 
153 21  213 
109 209 17  
60  103 146 
1   21  38  
184 163 50  
0   211 148 
209 16  33  
113 40  126 
186 60  65  
0   11  2   
8   161 133 
187 163 194 
150 114 1   
94  217 166 
182 146 138 
239 6   92  
60  229 63  
163 206 61  
77  119 155 
53  136 155 
241 51  208 
64  197 168 
220 20  164 
59  207 123 
237 36  12  
28  62  213 
76  160 44  
224 238 182 
55  21  142 
91  252 234 
216 88  173 
33  158 12  
191 164 41  
107 226 180 
205 71  54  
66  192 207 
188 157 45  
85  11  78  
131 84  68  
64  19  177 
71  37  218 
65  39  20  
155 140 220 
119 50  208 
56  36  36  
73  29  202 
122 176 236 
143 208 2   
64  247 169 
130 221 8   
5   1   227 
172 54  93  
72  86  239 
72  132 232 
158 74  142 
213 251 9   
8   130 225 
201 182 243 
94  47  53  
163 6   74  
234 179 140 
212 56  71  
147 180 246 
46  193 200 
32  193 21  
226 204 13  
123 16  96  
52  158 33  
3   16  254 
100 81  26  
66  179 83  
138 207 176 
174 192 153 
79  26  227 
57  149 22  
200 65  159 
219 21  204 
229 142 166 
89  192 185 
47  217 42  
252 35  6   
197 0   213 
247 32  173 
222 241 53  
157 190 129 
54  208 198 
199 137 161 
53  21  17  
248 161 185 
175 194 152 
22  8   158 
136 250 137 
217 220 43  
169 157 104 
67  110 101 
7   190 51  
180 130 82  
168 7   180 
127 26  8   
236 102 245 
4   147 222 
135 159 15  
197 6   199 
230 148 213 
230 39  54  
3   92  6   
27  21  44  
198 136 5   
245 220 49  
138 37  81  
9   154 105 
104 89  45  
104 129 15  
69  176 61  
89  43  240 
227 115 251 
105 2   190 
98  159 88  
17  167 84  
243 83  232 
182 150 74  
167 216 94  
174 133 95  
165 130 76  
126 39  164 
51  36  99  
162 94  115 
69  207 165 
117 1   150 
150 10  66  
15  189 37  
132 208 35  
56  190 6   
20  237 69  
196 37  23  
237 154 118 
232 113 106 
53  100 21  
119 99  21  
137 191 219 
1   17  139 
144 217 227 
68  22  115 
208 136 100 
122 39  125 
216 101 215 
101 123 165 
211 115 135 
35  187 221 
38  233 184 
51  125 31  
168 239 233 
58  123 77  
136 112 220 
93  252 111 
20  86  107 
78  44  45  
202 196 82  
102 92  152 
127 43  117 
88  86  155 
132 78  78  
100 80  176 
19  148 130 
23  42  172 
100 50  212 
246 232 188 
54  25  236 
171 182 235 
188 171 168 
134 217 202 
42  158 249 
117 76  18  
78  163 117 
192 11  80  
2   158 37  
45  47  7   
86  150 59  
82  104 196 
199 169 176 
68  128 24  
217 167 253 
229 227 124 
234 32  106 
123 103 122 
44  3   171 
91  198 199 
237 46  190 
196 132 0   
198 118 77  
73  63  75  
77  9   253 
88  151 23  
74  74  112 
182 45  160 
178 106 236 
24  110 10  
207 103 213 
21  39  45  
89  73  143 
40  15  114 
114 168 88  
129 205 67  
192 221 54  
201 38  254 
30  123 30  
55  83  119 
147 211 200 
119 177 100 
153 187 1   
88  74  68  
214 205 80  
67  233 167 
210 209 64  
223 176 224 
84  29  197 
114 114 138 
105 9   98  
223 58  94  
71  195 29  
85  198 83  
127 49  106 
2   225 4   
71  163 147 
106 222 196 
191 119 65  
62  170 238 
120 10  55  
180 34  86  
173 132 95  
216 185 227 
238 99  183 
87  147 184 
45  212 188 
158 152 119 
99  53  108 
119 54  135 
86  88  246 
96  196 97  
29  96  167 
81  195 78  
119 78  194 
175 120 30  
25  151 61  
153 142 192 
106 94  152 
217 190 198 
123 32  80  
22  181 51  
24  249 153 
35  178 45  
58  203 95  
124 138 96  
77  238 195 
73  24  61  
6   48  144 
137 66  89  
189 77  88  
50  32  146 
125 44  60  
98  223 202 
85  128 139 
247 120 86  
142 157 187 
47  90  115 
198 166 108 
23  146 94  
44  92  113 
244 21  229 
79  50  21  
243 55  134 
55  123 25  
178 127 124 
202 196 21  
143 76  73  
167 192 80  
190 8   156 
249 71  29  
139 227 164 
249 96  100 
96  71  47  
17  75  232 
94  132 43  
222 255 93  
175 105 93  
135 164 111 
213 189 107 
33  232 76  
171 220 142 
26  67  77  
204 231 131 
217 136 211 
155 60  157 
32  83  112 
43  58  253 
208 48  244 
168 125 93  
21  151 1   
34  19  242 
50  12  30  
186 89  80  
96  2   148 
168 132 93  
121 93  117 
147 252 165 
104 152 147 
48  28  190 
152 254 96  
41  238 115 
215 131 231 
173 248 242 
101 21  88  
71  64  52  
44  121 232 
201 9   81  
76  24  239 
102 250 132 
134 76  135 
96  167 9   
49  3   30  
200 195 26  
175 210 185 
67  87  185 
165 215 211 
214 209 6   
103 246 38  
42  216 81  
76  85  186 
188 19  44  
242 31  18  
249 115 40  
142 251 75  
65  157 1   
227 192 138 
55  130 94  
124 63  20  
235 83  131 
42  64  211 
202 65  116 
4   10  71  
83  216 125 
91  11  15  
247 213 41  
88  119 134 
196 185 252 
65  248 48  
154 153 151 
155 204 237 
26  213 12  
162 222 34  
161 176 141 
205 185 96  
217 15  183 
84  113 51  
206 199 45  
248 207 22  
140 55  63  
127 97  197 
173 41  201 
155 66  101 
96  52  154 
52  181 55  
210 9   251 
86  227 208 
1   118 46  
46  100 16  
88  11  3   
215 87  78  
179 155 205 
231 52  109 
149 19  100 
4   156 219 
179 95  243 
222 215 172 
34  81  193 
105 190 68  
207 201 62  
39  67  89  
10  140 244 
227 213 47  
67  146 45  
51  81  88  
80  174 111 
141 66  104 
214 217 28  
224 153 83  
167 144 215 
234 41  114 
53  5   127 
195 139 102 
108 7   222 
84  49  77  
143 249 94  
180 209 9   
231 46  96  
164 122 132 
113 126 16  
155 228 61  
195 245 193 
34  223 122 
226 236 59  
121 237 249 
202 234 134 
175 109 246 
194 26  11  
185 222 214 
228 70  49  
48  34  235 
95  136 177 
183 208 250 
81  58  96  
61  234 140 
88  202 31  
145 158 65  
37  122 40  
9   214 143 
182 55  1   
44  193 178 
5   10  174 
148 158 192 
72  211 254 
138 109 32  
32  72  7   
15  89  202 
63  121 48  
74  237 31  
111 58  82  
143 122 65  
9   76  224 
128 59  41  
48  25  19  
246 14  242 
113 94  133 
182 227 16  
159 29  209 
29  51  110 
247 161 255 
66  24  166 
246 138 241 
69  219 211 
109 14  15  
201 23  171 
168 250 212 
191 194 221 
210 20  26  
19  188 246 
217 236 48  
218 173 45  
114 68  30  
17  98  231 
32  141 171 
13  228 216 
62  57  244 
43  255 11  
127 198 189 
101 241 51  
104 204 199 
206 126 17  
162 133 199 
48  154 221 
66  120 212 
53  95  236 
87  79  110 
234 27  12  
88  10  99  
119 141 73  
77  5   61  
103 168 28  
203 141 5   
209 127 51  
17  246 123 
65  34  84  
240 116 15  
53  145 4   
69  38  72  
132 23  250 
40  9   86  
18  164 142 
34  220 254 
151 255 154 
2   21  44  
101 243 138 
48  113 198 
109 181 146 
142 208 153 
255 56  64  
67  87  120 
237 51  225 
3   11  221 
24  255 119 
184 103 183 
158 146 49  
148 155 38  
20  73  159 
240 111 77  
150 64  33  
142 7   142 
148 100 60  
13  251 195 
164 130 215 
182 117 87  
192 8   149 
235 98  68  
187 45  198 
225 210 105 
211 182 158 
98  20  180 
161 160 187 
211 64  11  
230 77  34  
185 34  11  
217 5   45  
92  196 225 
1   237 51  
109 13  246 
205 200 198 
177 47  37  
94  16  214 
34  211 175 
63  86  44  
8   76  41  
0   230 234 
233 55  28  
241 26  20  
118 76  13  
116 240 89  
180 80  38  
146 180 137 
12  110 188 
229 223 130 
21  84  91  
236 123 121 
47  241 44  
101 174 229 
62  166 199 
75  53  128 
55  62  213 
122 253 16  
53  29  14  
48  21  248 
75  81  113 
231 176 200 
87  149 206 
54  245 64  
123 104 246 
188 200 123 
15  187 51  
68  212 75  
30  239 209 
160 128 229 
214 20  219 
244 146 108 
110 170 99  
93  171 1   
109 79  235 
66  234 96  
97  35  192 
172 76  50  
89  204 113 
119 175 156 
201 85  166 
65  119 178 
159 107 252 
88  74  216 
174 154 187 
26  103 58  
193 153 122 
138 115 219 
235 210 11  
3   223 242 
248 152 81  
72  46  136 
7   212 193 
109 196 154 
178 14  192 
72  9   41  
85  25  35  
112 251 249 
78  209 118 
234 147 250 
78  166 211 
29  128 134 
22  240 115 
162 31  249 
45  58  68  
8   199 85  
124 5   30  
167 186 235 
204 184 121 
21  87  67  
152 185 167 
220 105 178 
190 214 5   
130 163 100 
226 151 159 
254 167 205 
172 7   62  
53  43  172 
43  21  213 
15  29  47  
244 165 195 
70  211 220 
225 223 115 
2   163 69  
127 98  49  
207 130 176 
131 101 88  
167 119 65  
227 240 33  
243 255 70  
98  168 183 
216 188 171 
185 238 100 
44  7   208 
153 65  240 
228 53  42  
63  22  130 
217 178 124 
78  178 173 
58  66  143 
48  164 111 
7   7   163 
42  240 64  
90  26  34  
226 9   143 
126 220 49  
21  47  60  
249 74  48  
161 208 236 
14  243 84  
54  240 81  
114 109 212 
75  207 182 
27  82  103 
42  72  108 
117 44  5   
45  146 250 
103 226 32  
131 114 15  
233 121 224 
28  4   166 
30  75  249 
131 152 237 
36  7   54  
214 95  189 
38  14  219 
25  221 201 
79  12  88  
153 85  214 
168 227 16  
28  173 144 
19  58  34  
4   126 218 
217 84  106 
198 72  179 
136 250 69  
46  4   254 
14  154 176 
114 140 202 
94  234 217 
5   141 253 
255 182 73  
153 3   102 
76  153 34  
232 105 154 
90  211 43  
10  44  54  
185 129 161 
134 252 85  
139 219 4   
105 13  92  
168 69  93  
248 109 108 
201 88  170 
233 248 17  
233 44  115 
29  143 20  
99  140 192 
77  157 119 
125 220 219 
54  15  248 
76  210 169 
28  80  189 
73  90  124 
193 223 242 
229 55  177 
35  155 121 
254 65  115 
154 225 8   
10  84  121 
48  6   65  
71  65  159 
78  215 169 
95  110 163 
12  37  139 
52  219 112 
194 138 40  
218 207 190 
185 227 198 
230 91  240 
5   57  120 
148 102 116 
236 13  185 
124 21  18  
113 68  41  
204 157 241 
205 34  26  
60  227 57  
7   24  163 
59  122 149 
237 88  113 
5   221 11  
12  93  161 
159 249 222 
135 241 47  
244 90  119 
223 94  239 
129 167 143 
251 191 10  
84  39  4   
29  184 103 
73  130 37  
135 245 154 
203 7   92  
247 69  40  
133 16  122 
71  48  57  
194 106 23  
210 75  25  
117 190 186 
111 197 23  
21  112 204 
31  224 157 
217 122 134 
198 76  155 
251 32  85  
125 160 151 
254 147 103 
101 108 1   
55  228 97  
12  146 160 
6   207 117 
177 232 48  
127 72  64  
19  86  135 
119 206 71  
150 233 220 
44  243 234 
213 147 9   
6   157 28  
5   141 220 
35  229 80  
175 159 209 
165 158 74  
175 177 205 
3   242 230 
118 112 178 
202 150 231 
2   250 231 
143 126 111 
15  194 35  
1   23  182 
100 41  30  
93  121 11  
79  137 251 
180 16  84  
174 160 124 
191 158 127 
20  153 109 
56  177 163 
235 47  190 
241 231 196 
163 147 69  
28  132 117 
81  35  44  
132 83  209 
68  18  100 
173 201 124 
127 144 189 
10  219 172 
28  22  120 
204 17  113 
248 221 106 
2   177 174 
74  176 0   
244 29  131 
224 145 209 
5   187 22  
68  239 128 
134 248 1   
245 93  14  
50  79  208 
114 9   0   
87  83  75  
208 105 214 
214 47  134 
11  205 201 
123 32  245 
92  226 212 
95  198 232 
47  72  99  
83  112 61  
149 195 72  
131 164 55  
69  181 201 
212 145 175 
133 226 220 
171 55  24  
151 170 238 
25  99  22  
124 62  201 
165 204 150 
43  128 117 
43  250 165 
142 135 42  
137 197 119 
227 2   171 
15  122 101 
82  238 159 
235 26  196 
216 90  200 
17  46  225 
216 47  37  
67  21  146 
242 56  102 
79  233 16  
235 219 53  
153 72  21  
203 67  65  
135 161 130 
136 233 26  
116 210 231 
197 196 48  
37  72  206 
157 127 151 
3   211 149 
106 143 100 
135 237 58  
5   253 185 
140 45  107 
3   53  223 
147 19  172 
195 75  248 
21  124 128 
123 104 54  
123 81  208 
126 99  149 
81  87  3   
117 174 138 
206 43  138 
61  32  47  
205 199 199 
170 73  195 
194 46  158 
99  72  165 
90  8   13  
136 101 15  
192 82  157 
237 216 51  
189 126 144 
8   131 154 
48  139 18  
234 143 199 
149 249 214 
208 37  142 
134 176 237 
58  189 164 
139 45  181 
137 186 77  
141 145 46  
138 76  58  
192 107 35  
129 203 237 
242 82  214 
142 14  68  
115 165 66  
131 102 244 
19  13  10  
128 72  34  
241 161 170 
245 203 85  
9   168 137 
217 127 119 
194 123 249 
52  85  170 
242 243 80  
79  130 6   
16  96  152 
44  170 177 
131 5   138 
14  184 201 
90  136 207 
58  38  12  
206 215 189 
58  170 83  
90  115 11  
69  131 52  
80  33  50  
163 211 103 
51  104 110 
26  205 190 
62  116 164 
202 166 216 
222 43  151 
8   133 210 
15  152 44  
20  224 163 
214 253 179 
188 19  232 
76  39  108 
76  16  74  
1   217 196 
94  113 196 
151 106 250 
95  99  114 
226 236 48  
235 21  179 
250 115 15  
82  180 191 
252 85  140 
213 30  6   
113 123 112 
134 210 239 
137 29  169 
216 194 207 
185 125 155 
48  19  53  
91  121 223 
30  247 218 
89  18  53  
18  26  215 
17  62  153 
150 96  238 
241 143 179 
126 229 10  
126 164 33  
145 122 69  
194 92  71  
141 25  13  
86  62  172 
158 6   72  
126 151 13  
155 145 132 
26  57  168 
166 185 143 
81  233 118 
5   35  22  
69  212 69  
74  33  23  
48  167 244 
38  181 73  
183 31  65  
123 218 197 
96  43  230 
142 128 156 
97  247 248 
91  242 27  
72  116 197 
132 162 229 
49  65  170 
83  152 56  
123 252 143 
190 234 237 
63  101 14  
117 11  21  
0   217 116 
95  223 73  
57  13  23  
19  194 254 
227 23  190 
49  17  123 
12  31  6   
160 215 78  
1   84  6   
35  164 73  
211 248 176 
197 185 110 
16  156 148 
4   25  92  
4   233 16  
199 18  15  
236 134 22  
129 94  27  
216 246 15  
24  245 166 
41  142 132 
92  24  201 
250 205 146 
58  75  40  
212 181 82  
238 47  221 
115 4   196 
220 127 7   
140 87  215 
223 155 160 
213 151 165 
46  103 107 
193 75  253 
35  109 13  
166 160 210 
135 117 181 
74  64  42  
56  32  229 
14  88  151 
58  31  48  
45  86  109 
157 32  16  
196 77  50  
181 139 25  
169 252 236 
149 155 59  
54  229 104 
218 127 210 
136 8   141 
29  135 174 
247 18  77  
161 135 97  
163 28  227 
42  243 109 
108 87  79  
238 103 46  
181 55  91  
38  146 146 
185 250 132 
176 194 253 
100 154 166 
173 132 233 
233 138 53  
58  11  41  
141 221 104 
132 103 205 
93  148 170 
229 172 34  
207 80  34  
218 157 66  
119 161 55  
229 117 40  
89  151 92  
193 223 82  
134 114 135 
107 71  72  
247 128 23  
238 2   172 
243 126 39  
252 0   151 
90  39  114 
176 8   121 
172 172 85  
17  168 174 
168 76  154 
46  105 129 
208 77  9   
239 221 101 
67  243 246 
229 162 127 
156 92  68  
199 124 211 
221 61  147 
96  254 192 
149 248 152 
16  144 133 
188 134 204 
56  164 2   
247 33  247 
36  126 253 
73  191 62  
79  225 138 
92  178 192 
25  113 109 
223 12  235 
72  183 135 
176 158 6   
226 4   180 
209 161 172 
73  165 166 
83  110 35  
165 46  152 
188 217 220 
244 184 245 
144 250 125 
94  113 69  
14  151 65  
162 210 252 
61  103 151 
180 69  6   
214 225 61  
225 56  25  
179 96  90  
26  194 65  
205 185 54  
48  98  28  
240 152 164 
41  141 184 
165 62  66  
249 254 35  
10  127 17  
61  4   254 
145 4   22  
207 69  183 
215 67  8   
78  172 55  
21  176 49  
232 129 38  
218 9   9   
15  218 19  
14  214 67  
221 222 34  
111 108 53  
76  160 12  
4   22  227 
159 112 154 
58  54  30  
128 249 222 
174 116 113 
189 133 215 
204 93  208 
181 56  71  
197 248 72  
212 44  219 
150 64  31  
161 174 0   
14  134 39  
85  6   246 
19  34  50  
253 154 251 
162 255 225 
126 75  169 
49  230 79  
39  85  221 
127 151 67  
146 30  190 
255 12  232 
250 189 190 
83  120 70  
91  21  167 
156 235 230 
237 225 31  
135 152 117 
225 3   23  
95  48  53  
106 238 43  
138 215 159 
107 9   223 
66  150 144 
112 89  49  
96  92  193 
182 219 10  
148 231 141 
108 77  97  
106 48  45  
116 86  59  
222 50  235 
83  87  198 
118 27  255 
8   66  69  
21  78  26  
3   79  132 
9   190 193 
127 100 11  
1   142 10  
219 137 82  
235 241 92  
208 199 154 
237 197 56  
152 60  57  
243 95  66  
87  75  132 
143 124 247 
114 50  142 
20  95  217 
143 110 126 
57  114 251 
118 176 45  
168 20  41  
15  88  60  
65  84  42  
38  168 247 
251 199 201 
199 45  140 
173 189 166 
78  28  141 
27  131 6   
123 142 177 
34  112 21  
41  213 77  
222 241 85  
127 112 2   
14  212 51  
179 69  140 
51  118 251 
180 33  194 
20  175 155 
80  184 22  
172 138 250 
194 151 65  
183 38  208 
158 193 226 
76  91  61  
150 250 50  
74  244 146 
150 228 26  
141 162 7   
30  116 79  
23  234 94  
233 127 74  
181 196 153 
67  56  43  
206 167 70  
153 254 230 
89  44  33  
39  209 86  
47  151 243 
214 62  1   
49  230 234 
160 171 182 
250 49  247 
26  65  75  
29  127 193 
243 230 36  
23  108 87  
135 19  76  
120 29  166 
213 90  69  
1   129 87  
127 251 223 
156 217 179 
158 229 171 
119 231 136 
132 229 241 
181 100 80  
207 252 44  
102 140 15  
82  15  121 
202 217 152 
198 112 129 
16  80  56  
59  242 186 
8   223 5   
191 128 33  
129 198 58  
194 115 183 
80  3   98  
14  31  95  
51  46  75  
121 74  247 
4   84  242 
154 135 194 
255 172 231 
31  178 122 
13  62  220 
157 253 164 
70  206 92  
244 81  251 
47  171 218 
154 230 13  
96  61  153 
96  105 102 
145 87  33  
157 10  209 
69  193 55  
196 63  156 
135 115 147 
185 39  232 
121 122 200 
158 203 101 
162 126 34  
191 185 12  
61  92  95  
227 162 181 
250 95  135 
59  7   153 
242 235 95  
152 32  35  
185 197 36  
180 113 160 
208 56  136 
178 216 166 
235 194 53  
35  248 76  
200 27  62  
47  64  145 
132 166 61  
179 13  121 
181 178 27  
117 152 208 
178 25  175 
187 158 146 
202 25  184 
234 26  100 
100 124 220 
248 94  171 
55  106 183 
211 104 28  
26  128 28  
14  84  222 
29  247 19  
113 49  149 
238 6   64  
65  166 234 
180 198 172 
89  37  115 
227 57  54  
111 166 9   
186 77  13  
20  28  224 
108 234 253 
81  29  16  
30  110 128 
247 129 69  
63  43  203 
242 215 205 
237 181 84  
67  3   72  
91  46  124 
111 110 156 
124 208 108 
128 126 5   
87  95  62  
240 90  75  
214 78  11  
21  39  143 
237 191 122 
230 57  48  
103 156 222 
43  247 169 
198 130 5   
133 91  135 
234 60  74  
196 89  193 
134 236 135 
132 145 17  
143 70  247 
22  22  44  
27  104 42  
19  53  233 
112 36  156 
45  127 168 
65  233 135 
29  124 168 
54  137 12  
192 220 14  
89  133 205 
191 251 188 
7   178 128 
83  20  86  
106 79  50  
7   120 5   
178 224 39  
141 158 209 
119 116 158 
241 242 177 
28  21  235 
218 167 161 
4   152 149 
158 243 89  
237 13  133 
68  132 123 
226 114 101 
214 20  91  
118 127 195 
142 89  160 
66  166 145 
192 208 121 
230 149 23  
146 10  25  
249 226 124 
224 140 178 
173 168 99  
220 98  50  
16  59  89  
80  230 96  
47  64  4   
134 129 56  
143 200 82  
66  62  146 
172 74  28  
86  138 117 
137 128 246 
181 130 171 
111 155 35  
21  141 108 
106 80  232 
118 62  59  
53  164 176 
49  178 81  
128 128 197 
90  227 29  
223 119 131 
150 167 203 
200 71  85  
185 86  209 
91  250 215 
200 75  236 
250 172 245 
45  187 27  
207 105 230 
68  155 112 
214 159 67  
140 131 220 
8   17  188 
25  219 53  
176 87  11  
34  179 47  
33  74  63  
193 9   251 
57  238 114 
51  118 199 
118 181 126 
68  126 92  
144 58  96  
176 230 135 
203 183 57  
143 229 14  
136 237 50  
55  22  98  
184 53  178 
17  97  86  
58  239 160 
81  98  117 
87  144 178 
152 249 207 
206 250 236 
230 250 98  
49  227 221 
106 70  92  
133 119 75  
4   172 238 
101 123 58  
165 96  107 
11  152 152 
208 241 222 
25  151 253 
219 5   107 
250 182 54  
204 59  13  
37  97  151 
232 10  143 
177 236 69  
74  125 210 
253 43  255 
23  7   195 
86  244 9   
48  250 144 
223 237 66  
117 61  239 
41  64  150 
237 81  157 
61  255 72  
115 203 106 
11  92  192 
186 200 88  
109 18  232 
194 17  193 
77  131 66  
21  216 133 
142 116 47  
107 99  168 
189 127 44  
123 250 235 
189 132 236 
45  241 64  
238 197 145 
101 176 48  
120 114 127 
26  245 139 
198 208 113 
132 213 244 
82  60  226 
116 31  44  
77  188 228 
63  41  43  
216 228 247 
196 61  98  
180 39  136 
109 23  191 
194 246 20  
60  46  71  
164 68  44  
78  200 101 
93  57  203 
79  8   68  
200 64  188 
207 109 191 
55  180 254 
141 135 215 
157 217 111 
255 200 179 
12  228 35  
195 184 137 
120 59  47  
203 252 10  
241 58  212 
83  231 41  
215 29  72  
1   150 76  
190 219 153 
208 197 77  
236 28  84  
131 219 217 
192 146 249 
220 221 10  
103 86  102 
202 82  75  
159 25  190 
70  56  242 
130 74  117 
158 148 11  
140 137 135 
94  79  78  
82  239 10  
20  83  50  
175 29  148 
156 48  156 
76  18  45  
199 169 162 
207 46  204 
113 244 75  
22  244 140 
90  162 99  
66  107 18  
107 96  181 
143 36  236 
45  11  66  
23  87  201 
143 217 92  
32  153 213 
94  124 167 
130 8   165 
242 140 105 
68  18  120 
2   163 183 
136 29  180 
153 222 97  
85  178 227 
164 210 170 
234 0   171 
147 17  41  
152 214 104 
253 203 109 
86  93  117 
83  56  60  
139 57  74  
245 202 123 
203 226 249 
82  92  42  
110 75  170 
218 211 248 
76  56  42  
229 239 84  
15  205 176 
223 61  14  
201 64  84  
91  112 229 
218 177 252 
215 127 140 
74  146 165 
90  95  19  
31  48  78  
50  57  188 
92  50  249 
123 99  151 
165 43  116 
55  133 132 
192 148 234 
35  185 105 
112 199 116 
131 127 191 
82  210 24  
163 223 192 
206 67  250 
193 18  221 
55  44  180 
147 129 73  
167 27  4   
171 5   185 
74  192 82  
106 163 166 
5   98  203 
64  68  185 
199 138 240 
98  16  41  
225 92  243 
71  115 44  
56  157 65  
138 2   209 
48  91  246 
3   176 223 
159 163 62  
44  17  133 
45  219 205 
55  167 1   
229 146 239 
97  97  143 
232 223 224 
92  219 56  
131 175 117 
241 6   91  
15  141 48  
33  51  3   
110 200 91  
111 187 111 
251 8   194 
35  194 82  
71  173 29  
149 195 173 
254 141 78  
237 219 99  
194 239 249 
220 30  200 
234 209 40  
49  85  223 
87  220 245 
95  239 4   
228 152 110 
72  26  52  
39  185 48  
241 45  50  
106 153 114 
232 245 52  
48  65  109 
124 136 234 
163 145 106 
36  156 238 
180 94  221 
156 158 9   
229 165 85  
168 252 204 
230 38  43  
123 94  109 
140 253 47  
52  196 237 
214 24  205 
239 187 239 
249 158 89  
89  51  197 
158 151 136 
209 149 161 
231 134 66  
114 37  242 
206 167 68  
159 228 72  
245 13  90  
230 91  95  
20  230 18  
85  37  28  
112 122 56  
156 11  159 
47  204 123 
135 9   190 
97  228 9   
189 168 130 
20  38  10  
195 92  122 
214 75  59  
176 241 252 
97  208 27  
37  50  189 
116 246 106 
82  63  56  
3   177 229 
59  88  216 
61  15  138 
118 10  246 
35  252 198 
26  249 246 
158 124 86  
156 189 45  
85  164 205 
192 143 91  
187 255 247 
244 187 221 
3   32  141 
172 13  223 
254 144 248 
149 177 52  
22  96  31  
187 73  169 
221 250 105 
249 30  228 
230 14  120 
69  175 47  
235 180 82  
188 31  194 
100 9   237 
120 35  108 
33  1   90  
149 126 163 
133 30  3   
244 54  99  
109 74  183 
148 253 115 
241 9   123 
166 140 213 
123 186 88  
157 223 150 
236 171 157 
233 141 62  
195 27  81  
36  184 131 
131 139 196 
218 74  21  
210 239 134 
42  117 157 
251 146 42  
250 177 67  
221 210 154 
119 174 84  
118 2   244 
10  244 227 
130 15  26  
25  42  124 
230 184 128 
35  54  59  
224 128 229 
28  179 236 
55  162 237 
20  119 251 
218 170 222 
138 27  90  
183 130 236 
0   193 180 
168 24  213 
165 142 117 
200 228 197 
55  147 154 
158 247 177 
99  26  68  
201 92  172 
83  141 126 
63  242 226 
42  123 190 
65  4   68  
150 93  5   
132 79  6   
204 43  169 
77  53  116 
130 233 45  
105 74  217 
197 169 183 
75  133 105 
186 189 2   
185 177 98  
178 8   222 
199 0   235 
24  182 156 
26  192 91  
21  187 247 
165 169 228 
14  239 92  
91  62  224 
71  160 154 
143 51  45  
65  235 102 
252 216 91  
189 74  56  
161 251 155 
99  4   97  
254 189 174 
127 146 121 
83  73  73  
81  19  109 
236 122 162 
228 95  215 
166 199 39  
109 96  101 
41  23  143 
146 180 122 
145 66  194 
60  204 86  
123 113 76  
181 251 86  
173 159 85  
66  60  62  
216 217 89  
126 145 131 
32  31  16  
29  72  9   
111 238 74  
223 145 220 
198 214 168 
223 35  200 
250 183 119 
132 228 218 
166 105 31  
177 205 51  
66  3   225 
20  136 178 
147 7   212 
165 119 97  
242 5   102 
168 32  172 
33  169 205 
218 54  197 
160 42  40  
140 188 197 
202 141 67  
214 236 107 
24  62  57  
52  234 136 
96  239 110 
31  114 116 
235 190 139 
129 252 41  
181 9   146 
27  9   207 
56  127 24  
52  155 226 
137 77  73  
41  3   57  
185 127 77  
178 140 146 
179 225 18  
255 172 119 
16  10  187 
249 192 147 
147 91  26  
70  126 209 
82  17  255 
226 162 219 
182 190 73  
115 133 209 
212 198 241 
152 156 86  
203 180 144 
231 15  61  
52  123 12  
88  234 129 
197 12  113 
74  152 81  
171 188 29  
106 163 74  
81  117 206 
36  244 65  
145 170 47  
95  4   39  
122 124 246 
188 189 238 
49  154 181 
140 254 116 
154 195 236 
53  255 230 
206 238 249 
198 3   18  
131 131 250 
229 33  161 
244 50  196 
94  12  60  
238 67  117 
248 22  250 
4   121 78  
95  238 172 
35  217 210 
69  197 235 
250 249 104 
6   222 238 
233 162 233 
112 181 141 
128 229 231 
130 65  3   
176 253 136 
64  252 78  
56  138 82  
236 184 57  
252 13  59  
66  105 115 
69  173 207 
137 107 73  
20  174 90  
158 239 209 
26  35  75  
62  148 177 
236 183 82  
56  84  199 
135 177 232 
83  79  83  
79  114 55  
10  27  127 
0   37  171 
108 160 78  
79  88  138 
192 174 100 
47  180 101 
195 197 28  
241 17  71  
148 207 230 
189 150 225 
170 189 237 
20  171 50  
108 64  108 
92  223 80  
65  24  66  
162 24  98  
49  177 154 
24  160 241 
115 0   204 
250 237 13  
113 233 196 
222 62  3   
54  136 134 
156 89  149 
56  56  177 
77  17  239 
2   52  16  
22  99  211 
43  27  148 
187 64  177 
145 200 78  
45  103 163 
229 48  71  
138 219 135 
217 84  65  
79  210 175 
149 93  201 
173 57  221 
71  127 36  
56  29  128 
216 60  250 
117 148 119 
60  18  202 
227 7   193 
211 201 148 
160 226 223 
204 200 55  
179 22  213 
149 77  109 
163 245 16  
181 85  124 
226 79  156 
171 141 235 
54  214 100 
157 180 215 
41  52  129 
3   46  199 
32  93  187 
144 181 10  
176 253 199 
5   107 5   
68  20  236 
185 197 251 
55  27  20  
239 250 50  
236 77  112 
94  255 140 
133 234 61  
113 59  224 
84  129 76  
33  115 188 
17  180 84  
136 162 95  
121 236 63  
116 182 254 
239 238 239 
159 102 188 
35  101 44  
93  169 217 
252 173 186 
227 107 255 
48  130 202 
107 141 192 
76  106 63  
230 108 160 
35  236 137 
248 71  51  
211 246 244 
119 107 73  
236 255 198 
160 240 22  
83  191 133 
191 93  210 
248 165 50  
1   160 81  
133 68  99  
159 17  121 
123 115 127 
180 122 168 
138 214 140 
73  97  97  
253 4   76  
138 251 219 
147 144 156 
29  156 77  
35  149 83  
11  127 1   
206 152 20  
198 50  157 
190 225 208 
43  19  33  
148 151 233 
147 160 136 
25  62  52  
78  130 17  
209 117 80  
26  158 154 
126 249 10  
126 153 147 
179 89  199 
11  135 113 
9   238 40  
234 189 173 
149 224 103 
81  8   179 
176 106 26  
162 175 72  
45  156 104 
110 11  82  
146 68  203 
145 158 12  
245 207 244 
23  230 4   
128 57  117 
187 109 122 
214 104 48  
14  191 252 
201 136 202 
183 69  74  
27  61  136 
64  66  237 
73  206 98  
110 94  6   
147 138 58  
31  134 64  
180 34  104 
20  10  231 
8   170 37  
64  59  147 
30  116 128 
103 2   239 
224 20  210 
55  24  117 
206 34  250 
39  243 71  
17  152 195 
178 132 96  
68  220 60  
213 75  218 
73  217 250 
212 130 247 
136 185 108 
175 64  49  
94  13  205 
211 226 129 
180 153 93  
234 34  144 
243 244 232 
212 165 164 
196 188 188 
49  226 82  
107 22  162 
6   176 101 
156 163 123 
94  226 129 
18  64  132 
253 180 95  
90  38  124 
119 253 185 
137 64  23  
80  92  66  
221 214 129 
235 217 62  
114 223 237 
116 184 143 
149 148 83  
13  108 91  
92  31  242 
219 233 146 
140 114 49  
208 204 252 
241 181 243 
72  14  159 
180 201 123 
196 59  142 
93  201 110 
116 109 144 
115 155 158 
81  114 22  
1   236 156 
231 229 125 
108 42  66  
49  44  144 
88  89  188 
15  147 189 
143 216 178 
51  246 138 
40  112 161 
165 194 29  
98  65  139 
46  53  0   
237 111 126 
65  24  95  
145 150 168 
66  119 121 
129 114 240 
58  254 246 
180 60  76  
85  254 97  
16  172 75  
195 80  255 
95  165 144 
205 138 169 
59  231 41  
67  69  130 
111 109 15  
138 102 156 
139 57  48  
243 160 233 
147 183 208 
38  181 4   
24  8   35  
190 23  191 
24  201 115 
112 253 125 
121 64  44  
84  3   174 
249 230 159 
37  243 24  
237 209 103 
144 73  179 
38  108 170 
240 136 51  
202 111 177 
11  136 162 
19  45  138 
164 52  151 
38  133 178 
0   131 226 
132 17  251 
184 130 210 
196 121 40  
99  208 96  
151 236 241 
2   220 214 
65  39  117 
60  193 215 
17  156 64  
184 152 211 
127 151 107 
72  146 68  
237 103 137 
163 66  81  
80  0   87  
209 212 163 
34  147 103 
164 43  144 
102 1   75  
205 25  238 
179 69  218 
108 49  35  
122 29  175 
53  224 87  
253 158 243 
119 208 203 
187 120 10  
168 194 196 
59  19  193 
73  104 145 
120 208 12  
63  222 138 
93  12  122 
236 208 38  
17  189 223 
178 129 110 
10  192 237 
169 28  126 
26  44  175 
171 25  216 
242 79  39  
5   170 170 
209 25  119 
106 92  89  
89  33  99  
255 114 245 
194 140 14  
154 179 95  
224 125 55  
135 142 66  
184 214 113 
113 236 54  
150 108 252 
64  8   165 
230 11  81  
13  32  66  
62  208 126 
122 227 63  
85  194 223 
13  225 123 
225 191 228 
106 107 94  
144 11  214 
111 167 40  
151 37  225 
171 192 212 
142 177 202 
169 124 223 
145 153 27  
249 160 151 
223 176 175 
10  230 188 
106 126 219 
43  116 153 
26  249 172 
81  20  224 
175 93  245 
113 158 233 
133 100 33  
142 76  45  
171 129 250 
208 0   11  
6   245 245 
57  148 63  
119 212 156 
218 207 147 
73  83  36  
144 159 173 
66  249 97  
177 154 8   
50  133 137 
53  250 128 
221 170 139 
61  149 247 
133 238 232 
7   118 243 
137 82  70  
172 42  85  
211 139 63  
63  216 109 
4   238 19  
42  193 25  
167 106 76  
207 191 187 
208 32  116 
225 206 26  
241 109 97  
247 212 146 
198 148 216 
51  27  37  
177 64  103 
40  56  67  
219 151 200 
54  88  98  
232 152 49  
28  42  192 
49  244 83  
112 224 232 
187 173 2   
53  247 206 
97  18  182 
212 204 157 
233 249 96  
22  39  140 
6   75  79  
251 61  83  
111 50  26  
127 228 35  
140 142 195 
166 229 32  
120 132 150 
110 173 206 
58  55  110 
116 215 254 
138 18  96  
114 60  13  
126 46  10  
223 143 162 
238 175 240 
81  180 37  
119 62  163 
124 68  160 
95  217 186 
221 14  219 
200 182 186 
115 109 191 
246 246 123 
19  197 112 
155 69  183 
60  145 154 
85  209 193 
117 191 223 
242 18  148 
155 83  119 
18  86  187 
168 127 85  
53  27  199 
221 188 107 
102 141 67  
80  136 241 
249 207 111 
83  202 174 
22  212 41  
43  20  188 
13  238 194 
15  57  59  
160 97  193 
108 245 234 
202 159 182 
221 145 172 
169 246 175 
90  202 82  
155 210 238 
132 112 83  
166 229 240 
40  102 43  
201 215 231 
62  24  156 
201 71  44  
21  125 9   
140 63  98  
116 59  161 
46  119 58  
199 144 23  
79  242 20  
190 5   14  
70  213 244 
228 26  148 
66  145 139 
25  106 55  
131 184 60  
242 251 147 
38  14  99  
106 177 119 
68  180 78  
112 36  238 
83  136 170 
51  65  202 
2   13  72  
53  131 139 
13  108 143 
147 170 174 
187 122 246 
7   48  210 
8   200 82  
131 246 54  
159 30  226 
127 217 109 
56  242 103 
79  49  110 
249 194 156 
27  107 66  
221 89  236 
82  54  246 
95  88  69  
164 1   173 
206 170 76  
245 187 217 
28  172 97  
194 17  2   
5   38  52  
233 159 174 
221 108 221 
220 212 66  
107 66  182 
163 114 242 
154 90  95  
53  245 28  
229 128 187 
24  69  163 
199 207 205 
68  125 38  
158 140 174 
185 179 32  
187 115 31  
83  254 92  
150 154 101 
177 47  64  
96  58  104 
90  254 216 
107 254 83  
94  144 176 
28  161 34  
29  166 211 
102 12  235 
12  217 145 
254 42  186 
131 170 219 
200 49  86  
248 77  81  
44  21  91  
57  123 86  
86  82  89  
132 178 201 
140 95  254 
135 171 54  
34  100 128 
182 229 151 
177 0   178 
113 159 254 
155 76  143 
246 158 190 
8   95  39  
18  123 244 
215 248 42  
8   132 123 
66  25  129 
52  74  167 
31  189 193 
70  115 105 
3   243 90  
50  109 164 
187 243 193 
35  12  216 
204 27  24  
18  70  115 
255 207 249 
220 126 105 
38  166 112 
221 36  216 
149 128 74  
127 147 237 
15  70  58  
66  112 71  
12  140 146 
33  253 127 
169 75  119 
107 24  168 
161 107 218 
91  225 224 
32  220 160 
29  59  75  
77  100 189 
5   164 18  
219 118 48  
22  22  46  
14  167 27  
54  245 55  
231 164 115 
162 46  109 
121 172 254 
123 26  170 
160 255 144 
127 191 9   
128 202 203 
86  127 94  
160 104 212 
243 99  220 
127 27  173 
249 123 119 
236 133 65  
42  6   220 
141 142 63  
67  100 38  
92  121 86  
212 8   143 
1   76  120 
250 214 201 
75  231 32  
255 180 206 
65  80  218 
74  63  66  
127 40  128 
49  224 189 
210 65  221 
125 175 151 
90  202 190 
201 229 10  
156 146 153 
252 221 203 
66  76  78  
150 194 101 
125 221 179 
134 124 251 
77  24  225 
184 138 63  
17  123 137 
175 191 187 
48  193 175 
183 22  197 
192 103 160 
154 41  178 
106 125 3   
225 232 31  
8   84  77  
250 154 115 
171 228 7   
232 92  229 
11  12  162 
70  150 158 
138 234 208 
187 22  226 
90  10  154 
59  215 56  
103 26  172 
164 167 12  
3   91  136 
151 22  70  
157 21  170 
162 129 194 
217 177 189 
19  21  175 
235 73  106 
8   28  71  
3   200 120 
160 240 83  
36  245 39  
86  105 126 
200 253 18  
230 165 103 
21  92  1   
87  118 231 
152 44  105 
249 224 19  
183 72  143 
123 98  217 
93  201 140 
93  11  77  
149 193 164 
117 132 1   
3   65  168 
61  149 247 
127 14  96  
24  214 26  
68  146 50  
230 129 55  
111 236 122 
110 167 238 
185 41  85  
137 50  23  
186 13  204 
26  128 140 
29  251 158 
49  117 93  
123 211 31  
239 86  202 
227 230 229 
2   207 171 
60  78  56  
208 241 254 
251 73  126 
179 8   217 
230 114 34  
202 156 248 
224 225 160 
77  248 145 
235 156 188 
111 13  66  
229 230 21  
37  144 44  
177 71  134 
116 150 155 
192 102 34  
23  43  204 
64  10  168 
142 141 176 
87  224 185 
3   21  186 
47  213 67  
136 248 28  
202 36  220 
141 91  1   
203 108 252 
169 124 162 
192 105 84  
16  213 74  
137 35  196 
68  135 168 
245 175 147 
226 114 250 
174 218 236 
159 188 247 
3   86  229 
206 194 138 
60  59  105 
9   158 177 
112 255 221 
206 200 37  
30  51  100 
54  128 146 
248 163 255 
8   1   135 
151 174 5   
221 172 107 
28  241 169 
12  175 20  
232 150 128 
148 210 218 
234 235 71  
75  107 55  
64  13  95  
234 178 78  
14  195 182 
217 233 253 
232 232 17  
198 12  58  
25  242 248 
102 13  241 
174 111 179 
254 200 152 
16  154 25  
122 46  57  
145 83  29  
59  97  161 
56  29  96  
240 169 241 
173 240 48  
11  150 202 
32  254 185 
180 170 199 
105 196 93  
71  84  1   
238 247 98  
192 53  215 
224 46  121 
167 221 41  
237 90  212 
84  122 200 
140 106 191 
163 61  210 
87  172 244 
116 90  38  
56  204 38  
139 238 60  
95  127 122 
167 52  2   
39  59  228 
233 201 142 
129 143 161 
237 245 200 
128 241 66  
22  47  82  
14  32  15  
0   94  95  
253 112 162 
27  120 52  
242 150 6   
207 151 135 
211 199 205 
201 156 252 
199 85  203 
55  244 110 
228 6   129 
27  31  200 
31  218 87  
4   6   147 
34  255 57  
203 66  141 
12  26  60  
39  228 223 
70  62  63  
50  102 207 
244 26  217 
56  187 0   
178 74  239 
100 195 159 
147 207 192 
45  148 9   
162 28  77  
139 74  213 
80  55  103 
92  100 71  
153 223 202 
132 215 143 
197 184 14  
174 89  101 
10  233 82  
183 154 233 
136 184 239 
37  98  195 
70  250 153 
59  199 253 
62  124 172 
144 255 18  
165 179 166 
42  123 29  
226 69  244 
140 74  52  
248 89  159 
64  241 79  
81  169 120 
189 69  82  
45  202 214 
186 230 9   
26  46  13  
77  102 61  
67  191 20  
109 73  45  
131 44  33  
165 96  9   
112 67  36  
36  39  71  
222 227 98  
106 51  231 
145 115 163 
63  213 5   
14  219 173 
187 118 67  
209 119 6   
137 94  246 
83  123 52  
168 227 30  
156 191 236 
88  47  134 
93  237 243 
245 34  173 
198 130 164 
235 0   57  
144 48  84  
15  218 49  
247 116 1   
255 4   39  
148 126 32  
78  245 24  
90  198 93  
178 84  184 
32  223 168 
109 51  84  
133 99  235 
157 153 160 
7   14  52  
70  241 251 
170 104 65  
44  249 28  
131 139 171 
209 58  32  
254 227 37  
63  67  109 
192 0   132 
95  14  240 
105 208 150 
6   92  149 
171 217 236 
18  241 15  
111 80  29  
25  236 80  
252 30  56  
159 183 52  
94  43  85  
214 68  85  
129 147 140 
71  142 3   
185 136 184 
255 147 205 
173 17  204 
19  76  42  
227 234 172 
147 73  20  
96  38  195 
78  249 190 
15  110 205 
236 202 174 
247 236 145 
72  159 215 
103 67  124 
25  86  140 
150 38  89  
72  81  105 
122 105 167 
125 56  127 
181 160 43  
209 121 101 
235 173 218 
169 45  252 
232 199 47  
25  102 16  
87  228 134 
117 23  18  
243 135 19  
199 20  162 
134 102 144 
100 225 168 
13  100 182 
235 62  33  
213 205 28  
57  181 250 
115 220 21  
66  161 127 
226 239 154 
213 92  85  
48  251 117 
170 146 243 
121 24  18  
83  244 17  
43  62  209 
227 194 148 
191 140 172 
102 217 207 
113 173 133 
135 79  59  
156 60  130 
241 204 244 
195 51  59  
75  15  153 
109 198 169 
231 104 101 
98  64  22  
119 24  150 
234 178 125 
101 198 131 
25  161 29  
163 147 237 
85  235 44  
13  111 105 
140 158 233 
179 193 4   
227 123 133 
165 130 100 
191 85  146 
20  77  16  
111 139 1   
239 37  179 
233 85  214 
56  212 105 
92  153 17  
202 48  128 
122 126 138 
79  178 43  
202 251 170 
137 23  29  
106 23  70  
70  14  13  
253 147 14  
146 24  130 
195 48  75  
4   39  133 
9   212 221 
59  165 6   
113 58  184 
227 224 27  
194 244 91  
224 20  93  
72  227 237 
109 138 13  
227 114 2   
72  132 210 
85  55  62  
87  240 36  
124 203 74  
58  18  197 
105 244 219 
194 168 213 
160 119 183 
90  60  102 
227 45  254 
176 152 155 
79  42  36  
72  149 178 
189 33  87  
196 198 147 
161 72  78  
250 170 174 
218 93  180 
61  100 88  
52  168 163 
89  51  227 
141 16  244 
52  27  32  
215 141 76  
27  125 25  
108 173 45  
21  150 23  
118 225 120 
223 22  87  
86  198 27  
91  81  251 
72  179 234 
142 186 26  
194 39  204 
143 163 248 
55  243 196 
240 126 211 
73  50  137 
131 10  197 
143 108 149 
141 58  166 
118 122 6   
202 182 255 
235 1   161 
198 59  97  
204 162 205 
122 87  197 
91  43  112 
51  41  187 
24  118 231 
36  42  147 
217 178 153 
62  53  205 
249 74  205 
19  65  99  
237 171 207 
255 135 213 
172 146 141 
197 18  1   
159 177 43  
90  230 41  
28  194 64  
167 66  175 
157 103 187 
87  169 120 
41  104 171 
20  178 249 
172 45  76  
192 221 72  
55  134 51  
142 202 217 
84  32  115 
1   182 172 
250 53  5   
62  5   14  
198 88  225 
59  59  68  
127 119 134 
169 189 184 
16  93  231 
169 44  122 
126 91  248 
180 56  55  
132 233 71  
56  55  250 
222 87  110 
218 242 70  
101 228 62  
96  91  114 
137 225 241 
171 43  82  
212 156 206 
72  155 139 
114 78  243 
135 180 32  
249 68  79  
26  231 38  
227 239 243 
156 245 158 
116 175 55  
162 71  219 
10  105 113 
29  66  8   
5   77  41  
45  73  174 
198 85  20  
196 95  63  
122 101 60  
160 171 19  
174 24  25  
137 80  101 
217 148 141 
215 76  36  
98  3   254 
163 101 188 
206 133 7   
63  80  33  
22  174 111 
191 134 192 
87  242 112 
182 146 40  
91  145 112 
127 187 130 
173 218 183 
162 78  53  
47  227 204 
53  254 70  
116 3   124 
79  14  91  
71  183 189 
224 68  96  
38  179 224 
142 212 67  
156 83  219 
103 200 75  
188 170 142 
138 137 229 
51  211 74  
20  154 10  
158 98  10  
236 166 134 
48  254 30  
82  104 195 
205 137 56  
50  32  242 
29  103 18  
170 139 153 
78  190 47  
76  152 249 
119 200 105 
251 84  201 
217 139 63  
120 194 47  
122 154 35  
249 152 8   
194 163 63  
95  22  223 
45  248 99  
232 121 27  
39  93  27  
111 181 79  
175 181 32  
153 118 182 
90  111 158 
122 157 58  
195 187 10  
163 181 153 
145 238 124 
144 16  138 
153 166 191 
230 143 233 
203 134 162 
24  65  85  
223 161 46  
61  92  203 
5   245 193 
53  64  26  
7   127 74  
130 128 71  
157 205 24  
87  39  60  
218 28  243 
199 182 91  
5   105 129 
31  134 191 
61  246 33  
209 155 92  
172 48  190 
120 11  65  
66  6   81  
216 125 149 
41  8   4   
242 117 58  
113 228 52  
125 100 25  
169 29  200 
97  186 119 
88  26  150 
11  97  235 
154 211 201 
182 118 212 
80  199 139 
242 22  82  
152 8   94  
28  150 56  
145 120 224 
128 134 117 
151 142 0   
86  69  214 
120 66  192 
225 29  61  
82  232 26  
87  22  161 
23  35  165 
89  2   107 
242 67  15  
34  115 16  
253 154 130 
191 156 248 
2   183 140 
228 69  19  
71  133 45  
61  97  172 
146 190 15  
79  228 84  
231 58  18  
69  230 1   
170 244 183 
57  65  178 
50  231 21  
214 36  57  
241 16  78  
116 81  250 
176 46  199 
240 7   189 
157 34  148 
239 188 231 
31  252 204 
85  60  184 
157 14  205 
13  198 92  
200 169 140 
129 58  244 
5   72  140 
69  125 224 
5   85  24  
234 145 244 
185 209 193 
250 35  90  
18  129 94  
124 114 81  
93  113 0   
156 221 13  
20  236 144 
79  127 89  
123 54  20  
255 156 213 
103 175 209 
170 212 229 
245 44  195 
250 76  163 
43  155 33  
60  85  122 
173 93  227 
67  59  54  
16  210 138 
153 57  163 
115 11  157 
138 203 27  
97  164 139 
242 215 141 
46  44  255 
211 91  230 
78  171 196 
24  175 227 
78  38  200 
24  114 177 
126 41  227 
179 187 235 
113 203 110 
31  45  213 
212 161 206 
190 247 226 
83  150 116 
151 234 231 
128 179 17  
70  45  147 
251 39  234 
121 53  246 
73  60  137 
99  6   62  
35  253 68  
157 242 2   
25  174 81  
117 77  167 
231 114 95  
155 203 191 
201 172 236 
163 133 124 
177 251 208 
228 220 138 
46  233 180 
145 174 235 
99  159 111 
32  157 171 
99  65  130 
96  83  131 
198 184 36  
201 15  204 
88  24  158 
235 216 75  
50  233 240 
8   41  185 
155 242 233 
62  1   32  
126 95  62  
207 132 90  
101 83  72  
90  196 84  
42  75  106 
54  70  237 
231 217 83  
39  83  131 
202 159 146 
26  75  135 
213 151 62  
186 100 183 
182 7   156 
243 154 204 
51  179 6   
199 196 191 
239 42  135 
246 6   237 
95  66  223 
104 27  203 
83  33  245 
107 35  227 
95  99  221 
16  0   76  
4   55  249 
80  107 233 
108 153 226 
201 63  10  
20  227 29  
45  176 63  
190 109 199 
181 105 134 
118 2   183 
57  196 28  
153 68  205 
195 156 145 
33  89  108 
174 103 243 
151 125 70  
176 148 45  
133 74  4   
104 112 234 
55  206 126 
65  242 163 
50  212 112 
196 63  151 
166 224 239 
190 204 228 
197 208 24  
183 98  253 
205 40  165 
177 116 37  
22  105 105 
45  133 198 
154 7   238 
223 140 181 
160 220 159 
164 158 193 
146 37  70  
135 73  33  
48  113 206 
7   89  157 
151 10  129 
218 7   138 
209 185 54  
207 193 231 
245 253 57  
185 13  68  
246 9   200 
88  48  65  
179 33  122 
181 161 179 
233 54  243 
128 120 227 
23  204 171 
67  79  98  
115 145 180 
134 82  87  
122 42  191 
63  117 101 
204 37  220 
32  6   112 
78  19  157 
163 18  240 
197 47  163 
221 91  140 
108 40  204 
135 208 54  
51  222 109 
189 193 10  
162 51  98  
92  78  135 
157 75  219 
14  188 13  
124 192 46  
100 178 164 
41  187 21  
137 148 113 
81  247 35  
117 111 101 
196 19  86  
172 58  13  
145 188 7   
238 82  142 
144 155 183 
90  124 43  
77  9   93  
248 211 237 
146 246 64  
176 108 68  
7   138 143 
1   153 183 
155 97  43  
41  12  0   
186 122 95  
118 77  36  
119 43  123 
244 62  109 
44  188 143 
191 164 73  
84  116 189 
148 235 125 
115 60  207 
128 166 52  
116 42  28  
185 114 197 
198 136 230 
13  68  77  
21  63  170 
94  83  116 
133 169 36  
45  25  236 
160 47  237 
36  28  145 
138 71  6   
19  127 53  
17  177 168 
236 146 120 
176 252 42  
153 213 60  
166 188 235 
186 35  150 
164 248 118 
190 14  85  
203 188 93  
201 139 99  
235 213 132 
98  125 186 
68  21  200 
234 197 161 
52  188 80  
63  223 99  
155 216 229 
33  53  211 
223 184 35  
43  169 34  
204 196 105 
129 18  255 
204 89  194 
140 147 253 
46  127 79  
71  24  166 
104 140 210 
26  100 207 
164 21  102 
53  110 3   
245 185 142 
220 255 33  
4   176 30  
49  212 132 
25  30  172 
92  174 70  
199 153 143 
29  17  133 
170 107 140 
45  173 181 
242 111 202 
248 156 83  
184 158 162 
159 250 170 
68  165 99  
54  137 96  
218 31  37  
191 91  255 
160 65  62  
91  181 194 
188 30  249 
149 175 70  
189 210 153 
222 52  241 
232 44  217 
152 120 43  
11  178 90  
60  250 193 
212 24  199 
117 168 9   
231 125 153 
90  201 157 
44  11  184 
1   172 202 
2   209 112 
31  90  5   
97  231 123 
123 182 3   
14  70  2   
81  206 74  
113 219 234 
6   78  79  
170 176 201 
176 86  135 
248 74  84  
101 27  235 
144 147 36  
80  33  226 
119 222 41  
247 238 147 
252 231 32  
59  133 4   
227 231 230 
246 15  155 
95  13  133 
71  113 213 
112 248 67  
235 203 80  
68  16  36  
52  18  124 
159 196 155 
116 61  144 
130 31  94  
8   196 150 
133 53  155 
58  92  167 
162 74  248 
175 58  181 
93  206 45  
44  69  108 
146 124 29  
205 241 27  
81  66  167 
0   201 156 
139 184 180 
230 209 183 
132 84  47  
236 57  118 
63  152 227 
177 37  95  
98  240 113 
160 113 151 
71  2   227 
185 189 79  
43  138 132 
134 34  23  
203 43  5   
52  96  226 
189 182 24  
60  100 227 
114 209 4   
39  119 143 
162 9   228 
81  123 92  
139 179 141 
186 247 37  
89  46  79  
63  232 49  
124 85  12  
216 142 74  
232 75  92  
169 178 121 
107 241 184 
10  18  49  
161 149 219 
213 246 20  
43  192 225 
149 38  155 
52  50  205 
108 172 66  
105 106 120 
209 45  16  
245 78  23  
112 188 132 
23  202 222 
204 115 93  
110 128 106 
125 64  178 
24  230 241 
30  153 80  
39  94  113 
67  26  93  
43  45  84  
14  65  178 
181 94  60  
67  185 103 
28  242 254 
230 250 132 
0   239 236 
200 39  223 
41  40  5   
147 110 126 
216 215 160 
41  87  33  
178 95  171 
128 201 196 
187 207 158 
60  172 46  
36  254 168 
179 108 235 
223 92  197 
29  204 72  
39  194 186 
39  210 43  
134 240 50  
32  166 210 
6   119 106 
108 193 229 
130 64  48  
19  193 101 
94  244 33  
125 181 87  
6   231 101 
184 199 54  
10  92  106 
225 137 157 
175 59  58  
130 81  166 
77  146 136 
4   102 234 
210 111 139 
142 243 42  
64  253 58  
215 240 8   
7   234 143 
227 138 93  
126 125 205 
166 175 13  
245 230 9   
237 197 99  
14  172 99  
56  187 95  
95  75  175 
55  241 128 
144 89  130 
44  171 233 
110 205 218 
104 9   248 
171 65  224 
146 190 158 
65  67  111 
128 253 40  
181 15  108 
200 74  47  
178 74  13  
83  65  229 
164 150 159 
151 101 8   
106 26  119 
69  153 20  
52  77  4   
142 210 143 
39  167 67  
71  34  137 
89  10  5   
157 46  159 
75  251 195 
17  164 37  
231 2   248 
244 91  66  
168 210 51  
161 23  42  
127 1   105 
29  43  175 
138 119 36  
243 114 225 
188 229 168 
88  80  131 
5   221 40  
1   187 110 
158 96  150 
54  131 66  
129 1   190 
253 75  242 
54  238 171 
120 243 16  
130 126 128 
204 97  226 
147 19  75  
41  239 171 
188 113 138 
198 233 166 
235 217 74  
249 215 171 
86  142 44  
173 142 117 
13  137 188 
220 63  253 
125 131 211 
234 253 112 
6   168 2   
227 101 157 
44  140 53  
14  123 252 
17  52  17  
90  213 147 
57  87  187 
135 169 99  
196 32  4   
34  90  47  
163 25  51  
161 149 174 
120 12  228 
79  39  136 
26  241 182 
192 4   188 
249 73  182 
4   69  50  
207 124 214 
220 255 166 
110 11  198 
142 63  62  
126 184 11  
60  155 87  
138 240 50  
191 12  118 
184 29  95  
118 13  102 
243 177 184 
141 60  217 
117 249 88  
166 237 54  
242 38  196 
235 102 85  
216 12  37  
237 200 80  
92  127 180 
230 208 195 
68  100 12  
45  236 0   
191 192 110 
2   96  39  
160 121 19  
2   111 45  
208 126 36  
214 194 40  
230 139 237 
3   128 125 
20  215 101 
229 218 205 
241 59  39  
57  242 169 
205 183 103 
191 108 121 
136 104 147 
223 6   29  
39  72  147 
88  9   41  
165 76  243 
92  119 211 
163 186 81  
168 60  235 
10  214 233 
125 203 112 
195 52  21  
131 245 161 
6   73  29  
246 216 159 
246 25  170 
185 53  247 
131 21  176 
27  148 173 
197 127 189 
113 250 162 
83  244 225 
218 33  102 
63  236 172 
194 108 218 
188 72  253 
252 23  46  
161 82  144 
147 73  25  
64  180 140 
156 20  98  
73  77  136 
180 142 20  
177 249 184 
231 129 240 
220 155 71  
60  102 250 
117 18  0   
21  166 53  
182 220 223 
36  87  235 
21  145 30  
167 240 22  
145 138 207 
36  170 187 
12  60  53  
226 129 97  
121 58  75  
205 26  232 
205 227 62  
139 248 101 
239 20  202 
231 193 216 
21  131 180 
227 130 207 
91  143 213 
12  62  86  
115 160 126 
229 33  199 
183 113 14  
133 42  78  
20  223 28  
190 59  74  
121 7   127 
100 189 200 
211 226 20  
140 101 201 
192 160 36  
226 188 34  
128 103 159 
91  112 3   
194 79  186 
250 165 145 
111 163 143 
92  180 31  
117 224 200 
69  29  218 
67  220 132 
103 156 13  
124 26  238 
23  153 76  
252 69  78  
179 114 30  
84  55  110 
219 75  0   
62  30  164 
212 108 224 
190 160 247 
171 79  84  
228 10  6   
244 245 63  
111 236 185 
51  22  165 
197 179 239 
85  64  216 
245 27  165 
199 18  75  
196 155 63  
7   10  160 
236 15  3   
194 162 217 
29  69  231 
229 175 182 
98  75  57  
33  63  150 
238 132 213 
212 111 132 
134 238 218 
95  231 54  
3   34  33  
63  1   28  
152 241 237 
146 202 220 
230 180 121 
205 88  208 
12  159 126 
198 51  84  
38  188 202 
101 181 18  
0   85  106 
152 184 140 
231 255 47  
99  237 142 
223 124 103 
22  164 84  
170 40  30  
27  251 133 
86  195 81  
214 164 87  
93  158 208 
142 200 108 
119 160 188 
85  176 88  
165 161 240 
106 57  197 
43  8   182 
146 60  176 
106 171 135 
72  121 60  
221 108 219 
233 160 7   
164 5   39  
32  136 5   
99  247 158 
52  195 81  
100 168 86  
16  4   116 
48  6   213 
31  14  11  
37  85  61  
77  54  221 
183 232 134 
203 144 183 
83  247 144 
105 95  173 
34  215 241 
166 108 148 
28  55  192 
198 67  201 
51  53  221 
137 139 162 
118 97  95  
90  246 38  
121 11  38  
19  127 213 
112 118 211 
164 231 169 
183 190 135 
68  181 152 
189 145 62  
238 42  64  
145 18  164 
92  222 133 
125 126 171 
196 8   65  
120 100 90  
245 158 97  
78  152 125 
180 204 2   
214 35  74  
95  118 93  
146 226 21  
70  198 184 
125 144 162 
59  239 139 
2   105 194 
62  164 148 
77  182 46  
90  7   158 
115 216 237 
16  242 27  
36  171 159 
215 224 230 
231 92  132 
163 238 197 
11  8   27  
115 166 138 
214 186 166 
74  144 217 
157 165 4   
48  192 6   
189 173 144 
255 217 136 
186 153 12  
48  59  232 
232 133 199 
226 91  71  
108 113 121 
206 115 198 
123 252 135 
241 8   113 
25  174 180 
253 2   130 
199 91  106 
7   63  28  
233 132 24  
225 237 193 
202 205 92  
26  20  58  
122 209 248 
171 12  169 
7   2   190 
176 222 244 
194 92  241 
185 186 217 
135 8   216 
162 6   66  
67  79  113 
238 189 173 
47  101 132 
20  14  206 
117 245 135 
77  119 179 
68  120 23  
180 223 11  
112 183 237 
220 78  104 
59  17  147 
49  87  144 
217 84  82  
183 88  55  
197 78  10  
254 18  185 
14  95  236 
114 75  178 
26  183 85  
72  119 128 
148 254 62  
180 163 18  
132 156 246 
53  6   152 
192 225 37  
17  19  236 
47  174 73  
94  224 203 
164 128 41  
39  49  53  
47  220 242 
141 151 149 
59  152 1   
251 93  120 
210 112 130 
186 55  0   
216 231 103 
148 242 85  
40  105 107 
67  148 193 
204 37  29  
217 175 61  
207 26  37  
107 213 147 
86  70  63  
167 103 107 
2   3   161 
22  64  212 
207 239 202 
54  231 38  
228 239 237 
193 72  93  
21  53  109 
173 40  52  
8   78  40  
199 212 165 
55  156 142 
3   181 161 
68  212 169 
210 208 25  
98  78  160 
24  94  177 
184 81  106 
158 249 181 
11  155 163 
19  29  34  
25  211 186 
244 228 230 
93  177 251 
253 71  166 
65  249 34  
230 80  163 
229 156 117 
158 247 159 
251 154 151 
71  173 201 
123 128 150 
151 183 28  
11  150 225 
110 236 183 
115 20  38  
192 112 20  
124 250 75  
43  136 42  
4   97  252 
195 148 225 
46  90  139 
8   212 90  
248 188 11  
249 137 255 
159 107 243 
195 134 85  
148 0   173 
132 87  5   
248 223 217 
12  132 154 
202 16  47  
173 149 227 
90  133 67  
123 237 249 
156 140 156 
127 144 93  
105 160 214 
212 106 169 
211 210 205 
164 189 199 
25  134 0   
125 182 170 
225 56  176 
126 97  1   
184 125 100 
63  108 93  
18  135 216 
137 126 181 
60  209 133 
60  15  96  
250 186 69  
239 0   208 
206 57  182 
48  95  175 
26  247 116 
108 39  62  
150 107 65  
235 217 248 
211 205 170 
100 55  233 
199 253 214 
14  143 61  
144 176 124 
66  94  243 
238 126 53  
5   42  176 
46  177 162 
19  229 49  
119 213 30  
68  60  202 
175 129 253 
98  154 235 
127 217 121 
197 202 173 
31  168 229 
85  124 210 
225 48  193 
193 24  188 
197 1   183 
8   167 66  
122 108 182 
173 183 119 
141 120 158 
41  130 184 
191 98  66  
119 205 155 
181 7   161 
212 40  149 
129 205 170 
1   163 121 
182 238 237 
176 19  21  
255 36  249 
222 115 150 
117 49  99  
74  14  137 
44  184 169 
75  114 132 
170 87  101 
176 92  220 
66  17  147 
112 28  255 
144 96  220 
81  36  68  
135 137 25  
215 191 75  
205 6   141 
20  32  71  
93  40  144 
44  74  204 
163 56  156 
182 134 241 
143 194 243 
54  87  230 
87  211 96  
104 53  83  
218 78  197 
22  117 23  
226 163 105 
168 35  62  
186 137 71  
190 186 81  
214 153 207 
95  5   65  
118 203 218 
179 136 156 
146 76  189 
60  64  223 
110 41  182 
6   159 236 
168 181 60  
79  15  21  
163 203 204 
143 99  64  
142 38  67  
233 245 11  
135 142 248 
107 110 251 
132 140 255 
178 101 24  
5   221 106 
185 89  134 
196 229 95  
10  176 252 
211 203 86  
144 198 38  
240 3   227 
165 46  88  
247 117 217 
67  177 26  
184 130 166 
97  176 112 
151 150 46  
216 247 248 
202 7   168 
106 36  37  
6   107 18  
197 38  72  
254 186 95  
144 137 44  
10  201 116 
236 135 97  
193 5   129 
232 21  148 
114 124 97  
217 105 132 
193 141 11  
161 165 118 
215 225 46  
58  175 54  
219 113 148 
39  100 253 
178 198 230 
158 156 226 
65  193 216 
125 190 153 
158 128 246 
113 221 174 
239 65  127 
215 135 127 
238 78  22  
55  215 157 
79  94  46  
118 103 100 
114 237 122 
8   50  229 
42  112 208 
200 137 121 
133 124 57  
76  165 146 
209 50  36  
192 131 169 
90  145 252 
183 3   91  
140 126 138 
114 135 17  
135 155 235 
134 134 195 
66  76  10  
241 202 191 
209 122 212 
250 90  116 
106 236 165 
108 52  175 
58  92  157 
20  108 215 
49  131 223 
135 73  2   
72  217 235 
147 116 247 
236 195 140 
247 87  128 
151 81  19  
43  64  151 
191 238 217 
96  225 80  
161 134 64  
6   66  145 
142 12  158 
114 74  245 
203 117 229 
128 92  113 
36  107 227 
65  197 140 
180 120 101 
29  235 81  
161 88  176 
229 124 68  
185 161 0   
206 17  246 
41  27  24  
82  254 29  
204 80  1   
100 70  44  
201 55  135 
121 238 228 
117 22  37  
84  33  94  
172 226 75  
159 233 109 
40  205 78  
172 99  120 
127 194 97  
252 183 19  
201 248 104 
85  68  1   
33  234 129 
151 181 109 
125 87  154 
139 1   115 
143 20  108 
96  129 81  
178 206 176 
153 165 221 
14  31  115 
142 231 14  
112 119 199 
216 22  188 
153 202 74  
58  12  229 
225 5   59  
233 99  21  
140 178 15  
60  216 199 
31  91  205 
49  77  214 
145 137 149 
69  168 85  
61  109 24  
149 19  110 
203 152 246 
61  52  20  
151 85  54  
118 129 170 
65  119 87  
223 190 240 
93  184 173 
239 58  210 
140 10  253 
146 123 243 
93  91  159 
77  69  4   
196 190 144 
137 70  70  
17  0   49  
207 214 207 
167 5   173 
29  130 103 
232 134 59  
158 94  19  
11  14  178 
105 79  172 
216 64  49  
15  212 23  
133 201 197 
38  241 247 
35  149 81  
23  69  235 
89  26  38  
201 124 186 
104 216 13  
14  153 0   
165 92  182 
219 196 46  
237 105 187 
168 167 5   
201 24  198 
151 132 207 
43  12  122 
48  124 3   
25  6   36  
201 204 27  
155 136 103 
6   231 187 
197 68  99  
229 175 138 
191 131 0   
90  72  63  
7   213 105 
102 45  208 
114 156 216 
41  153 207 
143 91  63  
105 94  81  
116 202 124 
120 188 245 
43  24  19  
137 224 228 
48  244 164 
208 7   227 
186 34  145 
252 130 204 
207 208 157 
249 13  11  
82  230 100 
238 48  243 
130 0   245 
250 174 0   
175 223 6   
29  33  104 
11  106 104 
79  96  140 
223 150 207 
181 63  27  
141 215 11  
108 191 17  
43  220 60  
110 214 215 
149 206 182 
114 83  36  
71  70  127 
226 129 127 
104 178 182 
48  160 103 
189 234 72  
51  80  140 
141 26  179 
92  115 166 
150 87  210 
221 61  198 
157 112 222 
18  106 53  
75  217 47  
215 208 65  
74  205 95  
141 197 136 
234 238 215 
241 17  155 
174 18  253 
35  107 19  
140 2   111 
105 174 115 
213 74  15  
134 63  100 
246 114 214 
206 109 44  
140 63  162 
57  165 126 
141 192 117 
25  211 227 
107 90  234 
79  78  119 
126 18  199 
9   20  174 
32  191 238 
107 75  84  
46  241 38  
190 62  21  
253 169 110 
244 80  35  
223 62  215 
153 161 213 
196 2   24  
151 72  90  
164 119 88  
82  128 211 
177 70  235 
2   26  111 
134 44  233 
90  254 94  
200 152 234 
221 185 184 
247 187 88  
114 66  169 
96  37  5   
12  113 132 
118 83  17  
139 236 135 
240 185 68  
35  112 121 
131 39  100 
225 188 104 
24  158 53  
42  147 47  
197 240 24  
82  128 147 
243 188 151 
146 114 13  
121 169 49  
3   62  165 
154 238 70  
118 173 100 
29  134 253 
53  162 73  
251 161 105 
22  119 201 
93  53  100 
100 170 57  
220 179 218 
143 100 183 
61  88  112 
161 143 116 
42  138 213 
223 111 100 
136 65  26  
49  245 192 
134 115 228 
25  78  227 
120 239 87  
101 86  99  
17  60  9   
228 249 122 
166 72  99  
187 171 28  
118 19  45  
57  120 69  
51  152 76  
54  93  104 
56  161 201 
93  236 11  
54  74  192 
250 106 242 
62  98  210 
28  224 96  
105 229 26  
42  218 90  
155 71  233 
70  209 251 
15  73  171 
6   100 42  
162 142 195 
110 250 89  
40  42  69  
63  92  21  
42  223 213 
225 100 146 
215 204 13  
157 224 114 
29  171 67  
229 46  122 
19  255 130 
212 66  247 
70  193 10  
51  24  251 
140 93  200 
162 184 185 
91  49  108 
182 86  177 
224 195 57  
44  65  99  
73  101 156 
132 146 198 
254 13  45  
154 218 182 
191 124 170 
28  66  15  
217 21  8   
240 225 64  
252 233 177 
225 44  104 
81  236 132 
47  200 96  
220 76  62  
214 54  76  
94  90  64  
172 254 121 
33  144 2   
155 113 183 
125 148 137 
175 26  117 
254 69  187 
168 104 64  
95  60  104 
79  73  125 
233 63  95  
200 165 113 
208 157 235 
140 249 246 
160 111 138 
215 133 106 
228 39  183 
173 198 190 
124 0   41  
191 60  181 
104 40  206 
219 164 167 
246 181 103 
176 43  107 
135 204 157 
254 78  52  
118 129 215 
158 96  135 
187 87  72  
216 238 146 
98  104 227 
0   110 137 
247 160 57  
95  12  217 
102 148 116 
198 110 78  
18  209 230 
94  187 131 
1   187 226 
154 85  46  
117 92  226 
78  2   44  
80  175 30  
91  120 87  
7   64  38  
113 136 139 
29  70  29  
214 92  104 
88  125 160 
48  131 176 
42  107 135 
198 194 81  
13  212 252 
183 226 127 
186 133 160 
14  242 105 
139 196 178 
205 185 108 
97  7   118 
53  71  208 
230 192 80  
248 236 120 
12  88  75  
34  251 7   
11  180 8   
209 31  107 
83  228 68  
24  51  205 
44  187 124 
163 220 82  
253 130 83  
243 77  59  
108 25  200 
74  5   60  
212 9   97  
164 105 35  
203 126 208 
74  124 48  
170 45  191 
234 53  164 
83  125 203 
46  17  113 
171 158 206 
81  252 17  
131 74  15  
35  172 245 
229 99  237 
112 241 4   
251 179 30  
213 186 33  
20  115 163 
94  183 188 
105 97  241 
136 220 202 
178 148 13  
117 53  191 
179 79  132 
121 205 104 
62  120 137 
74  152 172 
101 138 162 
118 148 156 
204 21  163 
235 168 97  
92  41  241 
187 235 228 
205 68  63  
91  79  77  
179 143 64  
15  238 157 
31  156 7   
74  102 22  
237 224 15  
31  7   57  
87  144 23  
25  194 110 
100 193 95  
26  24  192 
77  199 231 
13  126 49  
241 83  187 
141 234 140 
232 187 120 
209 138 195 
220 112 134 
127 213 64  
43  149 193 
49  115 169 
6   39  134 
208 176 9   
128 71  92  
20  116 101 
84  118 177 
206 251 24  
68  234 108 
187 190 149 
94  70  55  
24  75  94  
146 88  209 
56  3   78  
88  171 207 
183 245 138 
83  13  142 
48  72  181 
63  92  69  
122 253 64  
133 58  121 
212 235 223 
71  112 67  
145 64  154 
203 43  37  
29  242 235 
133 91  95  
109 224 227 
53  218 12  
70  150 93  
216 39  102 
214 240 146 
81  211 0   
143 15  188 
28  246 230 
77  96  132 
113 73  211 
47  161 109 
145 183 1   
163 42  126 
62  121 69  
153 230 209 
137 39  112 
218 189 225 
125 63  45  
243 93  158 
80  11  213 
59  169 175 
31  246 235 
211 51  122 
96  171 69  
184 139 190 
143 148 13  
60  80  221 
197 145 21  
131 59  58  
55  4   63  
215 165 40  
205 130 227 
238 52  96  
83  198 119 
117 180 0   
244 189 232 
133 67  120 
250 197 97  
197 95  240 
14  114 124 
105 115 19  
105 120 8   
81  245 63  
181 133 234 
239 56  134 
146 59  198 
190 121 13  
245 132 117 
120 217 166 
228 239 109 
68  53  180 
53  229 170 
146 34  196 
91  207 182 
107 127 93  
104 131 231 
80  74  235 
203 149 233 
7   201 224 
117 91  43  
230 34  88  
105 205 205 
117 238 224 
227 130 31  
136 127 57  
154 119 210 
23  187 39  
200 106 101 
131 232 170 
255 228 125 
12  188 62  
243 85  32  
156 131 236 
192 201 19  
52  73  80  
87  24  195 
167 61  232 
23  168 136 
99  207 64  
186 21  30  
107 56  227 
32  96  169 
228 98  8   
159 114 165 
181 121 129 
223 17  136 
48  131 85  
112 158 2   
187 209 255 
146 53  39  
239 46  95  
239 5   222 
178 12  172 
56  251 104 
46  39  12  
222 18  235 
178 88  168 
97  231 52  
226 133 72  
237 101 53  
201 247 224 
56  167 234 
157 126 158 
227 86  169 
93  39  73  
205 55  10  
142 116 27  
16  169 230 
198 81  92  
167 55  34  
191 64  99  
241 146 66  
43  113 209 
137 139 248 
137 190 20  
37  235 31  
156 197 158 
131 52  247 
90  152 90  
143 179 112 
112 185 50  
60  109 223 
170 87  211 
204 201 134 
225 17  238 
126 9   167 
58  166 164 
215 234 31  
229 87  228 
2   11  182 
143 232 219 
249 232 176 
78  135 211 
124 135 66  
174 253 7   
247 44  241 
36  248 97  
233 183 7   
25  80  22  
118 110 169 
66  141 154 
24  97  44  
9   36  110 
177 179 187 
47  28  168 
118 103 114 
236 31  78  
95  134 113 
62  30  212 
30  175 158 
33  23  101 
221 121 7   
232 152 188 
32  53  39  
242 27  179 
163 222 122 
104 73  214 
17  109 35  
210 196 159 
229 194 146 
152 21  37  
211 222 110 
215 189 89  
135 42  45  
11  176 57  
165 251 28  
121 144 114 
70  145 206 
106 141 108 
108 68  33  
140 179 185 
35  161 101 
19  8   90  
67  157 63  
123 210 88  
19  48  95  
239 210 160 
65  237 47  
198 94  46  
229 124 241 
147 157 217 
138 250 18  
189 86  110 
115 170 160 
154 9   214 
152 132 25  
126 83  120 
12  124 20  
65  205 28  
202 160 115 
44  217 246 
32  82  29  
68  40  163 
44  85  118 
112 220 58  
44  99  6   
247 138 203 
137 124 17  
53  145 215 
232 60  25  
167 126 162 
174 212 113 
159 118 125 
175 120 114 
50  219 84  
0   100 242 
76  164 25  
46  193 7   
228 42  242 
64  21  72  
205 83  45  
80  6   247 
149 89  103 
157 143 237 
103 173 108 
104 253 19  
0   161 182 
250 83  204 
6   215 153 
159 219 170 
100 180 120 
129 25  47  
129 61  160 
160 82  152 
96  43  149 
103 107 230 
20  29  245 
130 203 145 
11  46  66  
1   130 184 
26  86  45  
245 229 169 
83  100 59  
7   95  14  
10  113 218 
176 45  39  
151 28  64  
39  45  221 
179 240 170 
26  30  139 
134 189 212 
204 214 211 
187 214 194 
54  91  221 
57  106 52  
48  228 198 
85  118 88  
212 42  55  
143 250 150 
159 153 89  
65  127 143 
245 52  149 
201 22  163 
13  80  239 
9   71  150 
126 123 219 
101 179 53  
219 22  212 
122 88  3   
32  155 39  
63  179 85  
228 132 169 
95  56  108 
134 68  88  
228 214 111 
206 222 16  
132 124 71  
192 247 222 
57  229 215 
143 113 152 
234 15  3   
239 255 195 
76  33  128 
61  41  235 
71  190 102 
50  178 249 
122 233 250 
26  113 53  
192 7   41  
207 233 230 
193 171 172 
223 79  215 
233 35  209 
165 189 45  
103 12  83  
72  191 76  
253 81  208 
209 131 190 
203 90  187 
223 78  90  
89  100 219 
158 9   32  
138 49  187 
12  250 125 
62  143 141 
178 17  252 
213 108 118 
93  73  144 
199 111 61  
118 13  237 
17  78  207 
17  168 188 
40  89  27  
198 28  135 
175 240 44  
235 5   165 
40  228 145 
217 69  165 
77  237 112 
53  175 211 
225 185 216 
114 242 246 
14  76  50  
18  108 94  
181 154 216 
71  175 202 
54  173 65  
8   219 221 
147 177 69  
177 35  24  
9   183 93  
204 12  143 
107 26  246 
149 78  211 
228 193 46  
80  94  203 
238 178 136 
146 4   110 
156 190 136 
10  151 164 
138 33  51  
107 169 173 
22  109 225 
134 73  224 
165 37  235 
182 46  174 
39  193 18  
46  99  27  
24  32  186 
197 75  55  
173 142 77  
87  21  55  
238 228 92  
212 253 64  
237 117 95  
143 233 6   
93  190 28  
116 66  195 
47  18  38  
38  31  58  
5   192 238 
55  20  195 
152 98  84  
250 72  140 
103 82  204 
156 163 154 
70  121 101 
135 37  43  
167 251 84  
61  213 134 
177 101 221 
46  193 103 
134 107 162 
54  2   118 
65  92  198 
195 205 157 
153 204 107 
215 235 17  
43  45  105 
93  58  100 
206 74  90  
141 252 7   
144 229 75  
89  28  249 
33  224 174 
14  195 156 
215 191 106 
176 190 232 
154 101 20  
195 175 113 
74  81  185 
122 1   252 
137 214 194 
122 12  149 
239 244 216 
193 249 104 
5   228 212 
76  62  203 
168 116 23  
138 202 53  
161 192 234 
203 61  28  
142 248 173 
32  191 238 
113 37  1   
111 80  160 
137 51  53  
163 171 138 
60  167 146 
66  13  136 
51  203 105 
209 131 153 
2   58  232 
202 144 111 
238 9   33  
19  60  178 
176 5   198 
54  250 226 
68  194 141 
203 226 27  
34  104 57  
205 44  44  
126 132 177 
219 249 186 
89  74  185 
146 197 103 
135 4   33  
120 24  59  
253 168 135 
59  88  191 
2   199 254 
49  195 130 
21  90  65  
84  242 8   
168 15  49  
58  135 83  
4   39  201 
175 203 130 
231 8   229 
253 92  63  
198 12  88  
14  74  235 
184 51  73  
226 54  209 
108 200 221 
19  63  198 
193 18  135 
93  236 249 
213 170 155 
103 91  233 
171 20  255 
57  78  184 
174 158 2   
40  243 76  
196 194 200 
35  128 12  
172 118 205 
152 245 16  
215 43  104 
121 156 29  
7   117 92  
3   42  206 
74  140 209 
83  136 169 
57  33  82  
241 173 33  
122 67  159 
210 20  173 
247 73  114 
140 171 118 
83  245 144 
168 87  84  
112 83  182 
83  92  18  
50  254 67  
232 74  36  
196 203 177 
0   65  99  
254 24  53  
15  165 102 
199 41  38  
182 159 139 
132 79  248 
81  249 213 
246 225 232 
110 58  41  
19  36  181 
40  14  139 
185 176 244 
163 86  106 
88  255 227 
26  126 39  
219 36  203 
60  235 80  
123 218 72  
202 146 66  
70  109 21  
185 39  64  
121 43  48  
65  92  20  
3   98  115 
161 40  210 
196 18  237 
125 21  98  
112 214 164 
42  250 212 
24  195 142 
58  184 170 
194 28  219 
41  206 159 
159 52  227 
0   222 146 
190 216 94  
61  124 158 
72  10  176 
109 220 140 
179 7   98  
54  59  27  
100 193 47  
195 26  205 
186 81  38  
203 159 75  
130 26  204 
180 182 112 
49  141 78  
124 210 156 
139 202 27  
108 89  230 
116 149 129 
196 22  61  
32  95  29  
223 88  161 
222 76  69  
131 122 239 
50  117 180 
84  13  0   
255 236 25  
170 219 10  
227 26  98  
50  119 124 
30  147 211 
39  30  210 
156 125 73  
9   16  19  
242 16  60  
19  172 251 
111 222 95  
227 238 245 
155 234 233 
25  45  121 
174 177 240 
204 29  109 
230 177 92  
41  135 140 
204 20  89  
159 59  17  
193 136 91  
93  25  11  
114 114 2   
18  84  44  
252 242 143 
43  52  240 
229 120 156 
4   255 107 
65  221 95  
204 218 36  
151 56  156 
5   184 198 
86  236 14  
235 185 140 
10  155 247 
38  128 177 
145 8   19  
145 105 84  
237 12  31  
2   179 132 
154 40  183 
80  229 121 
112 97  61  
12  40  38  
104 96  245 
174 72  156 
234 13  175 
27  142 0   
117 39  141 
212 200 5   
174 131 196 
51  5   33  
67  237 106 
118 247 245 
42  237 182 
148 252 173 
20  220 54  
5   55  49  
64  13  231 
8   73  138 
229 237 58  
19  126 203 
232 114 95  
104 142 77  
171 47  122 
6   75  50  
6   223 134 
111 202 98  
209 82  16  
0   232 124 
136 248 29  
195 62  122 
240 122 200 
12  225 242 
196 46  130 
64  130 57  
208 65  253 
141 195 220 
16  235 36  
135 230 32  
159 13  179 
228 25  142 
161 1   68  
199 14  184 
112 147 244 
96  164 178 
168 80  237 
202 200 255 
246 171 110 
106 217 215 
170 182 53  
66  48  23  
129 86  77  
240 159 58  
32  60  180 
84  6   44  
56  13  86  
17  73  212 
79  125 69  
101 78  165 
151 75  68  
10  209 163 
104 89  252 
36  41  143 
43  92  103 
96  87  60  
226 218 102 
215 243 70  
141 103 122 
79  216 145 
23  102 7   
234 157 100 
156 185 195 
113 50  255 
29  37  16  
180 75  238 
254 84  113 
178 88  154 
231 181 96  
139 49  188 
216 183 49  
115 209 188 
155 12  190 
11  170 41  
204 239 17  
252 118 203 
53  172 83  
163 153 251 
51  221 153 
39  107 73  
92  13  109 
96  4   148 
156 201 39  
73  94  34  
131 71  114 
252 237 90  
132 39  139 
100 254 49  
67  255 34  
41  115 99  
86  168 227 
139 190 19  
248 147 16  
26  42  101 
164 132 183 
148 203 47  
153 136 98  
82  182 220 
167 6   88  
4   75  5   
220 51  200 
177 174 123 
244 88  117 
55  214 182 
138 166 185 
187 175 216 
128 143 254 
206 57  212 
31  221 245 
43  190 83  
214 249 60  
93  105 107 
165 40  54  
183 227 71  
150 165 49  
85  197 79  
210 219 56  
36  2   115 
49  51  45  
46  144 167 
95  52  236 
141 252 170 
226 222 177 
217 173 185 
170 140 247 
240 5   185 
239 198 135 
100 156 247 
142 193 113 
249 71  153 
33  130 33  
238 181 74  
130 226 219 
18  184 213 
129 229 50  
206 162 158 
240 28  96  
170 56  61  
84  15  139 
254 34  173 
215 228 80  
196 238 203 
88  183 55  
205 251 16  
163 101 217 
195 227 212 
63  183 217 
196 64  130 
76  44  7   
117 223 115 
107 216 68  
216 196 118 
173 17  253 
93  131 50  
235 223 91  
209 221 220 
38  104 117 
68  167 250 
182 215 43  
250 93  47  
116 104 117 
1   246 61  
38  160 70  
9   206 194 
207 219 83  
135 199 97  
183 183 97  
80  236 75  
68  6   234 
48  61  111 
0   71  48  
37  103 176 
85  219 29  
72  160 251 
240 112 129 
142 217 17  
206 93  140 
221 254 85  
77  215 151 
48  5   21  
233 82  149 
196 253 241 
106 110 201 
121 82  120 
165 47  142 
239 3   20  
40  132 90  
12  135 212 
99  63  64  
237 136 192 
47  14  154 
109 199 175 
194 22  166 
193 186 225 
108 55  60  
236 206 197 
187 53  230 
232 82  183 
205 38  250 
214 108 151 
255 253 143 
164 181 134 
59  15  103 
218 66  52  
144 217 20  
142 77  124 
216 124 19  
184 188 69  
157 166 137 
90  41  226 
122 220 228 
49  78  94  
163 102 156 
236 211 134 
103 76  179 
42  242 131 
193 37  213 
156 113 103 
81  164 37  
33  225 249 
90  42  17  
197 31  162 
147 197 204 
213 144 79  
240 97  60  
147 139 156 
173 33  126 
48  237 171 
63  8   78  
12  209 112 
253 138 244 
119 218 88  
153 152 135 
95  152 154 
191 63  165 
181 234 144 
129 246 238 
109 109 229 
71  51  228 
100 90  134 
137 218 6   
149 95  145 
125 159 56  
93  82  183 
112 127 211 
196 218 200 
152 203 251 
2   92  113 
118 139 12  
187 200 67  
30  25  53  
168 36  163 
2   64  161 
162 229 56  
27  82  186 
74  113 230 
119 228 111 
205 98  134 
160 52  130 
107 99  204 
83  109 65  
205 190 35  
126 59  71  
76  238 104 
137 112 10  
186 223 196 
67  174 101 
79  151 29  
31  75  97  
190 119 206 
117 237 237 
169 108 170 
10  144 61  
229 149 124 
14  249 10  
78  73  118 
72  181 241 
35  138 81  
55  67  152 
25  72  24  
63  250 106 
166 254 192 
71  185 2   
58  136 41  
85  153 166 
93  82  26  
253 14  92  
229 35  77  
207 52  119 
200 55  183 
253 73  192 
56  105 127 
238 123 121 
1   142 104 
136 144 237 
107 97  156 
71  28  81  
10  130 27  
128 53  28  
62  128 51  
99  239 39  
89  228 207 
154 1   37  
160 171 138 
151 97  101 
161 198 186 
228 191 211 
155 107 243 
36  33  176 
226 90  185 
122 12  131 
135 110 81  
145 9   38  
179 12  247 
132 93  3   
110 70  229 
72  78  218 
206 221 225 
115 81  169 
189 92  92  
111 235 141 
220 1   72  
124 56  177 
44  53  29  
9   74  173 
129 188 215 
83  226 219 
239 233 207 
76  52  146 
170 121 184 
44  172 69  
29  223 41  
68  250 246 
22  43  129 
238 200 133 
95  205 254 
168 228 182 
34  232 100 
185 204 10  
221 239 136 
252 217 199 
217 195 150 
155 126 180 
101 135 243 
231 80  122 
59  233 255 
141 221 177 
221 148 45  
213 118 243 
204 254 35  
180 114 154 
234 214 235 
208 160 231 
96  185 80  
213 216 205 
225 1   254 
155 242 149 
37  190 9   
24  137 12  
237 63  216 
16  80  6   
241 187 177 
0   235 86  
129 235 89  
187 133 136 
204 197 123 
170 154 5   
0   140 222 
182 177 103 
192 243 145 
68  247 40  
171 15  140 
199 248 238 
224 60  130 
209 240 34  
202 73  216 
183 103 157 
150 141 241 
27  17  131 
29  172 90  
244 41  171 
49  46  123 
247 203 38  
133 71  210 
106 235 190 
174 86  232 
192 3   139 
238 3   122 
157 140 233 
197 12  149 
13  221 118 
127 27  142 
10  9   230 
54  64  32  
180 202 199 
4   220 25  
191 167 148 
85  41  86  
4   207 156 
154 159 2   
57  97  178 
211 225 89  
61  23  165 
157 3   86  
125 147 221 
206 61  20  
83  187 198 
206 109 214 
121 231 199 
28  242 227 
228 208 242 
200 196 195 
156 128 185 
211 229 126 
118 178 70  
165 105 233 
179 101 75  
28  209 39  
245 143 100 
235 117 233 
6   47  97  
56  31  19  
107 54  17  
188 54  203 
179 246 104 
210 1   29  
1   32  18  
61  235 194 
74  120 209 
135 208 168 
53  191 66  
70  189 65  
168 139 206 
179 167 212 
92  5   248 
75  1   63  
24  196 76  
125 64  229 
91  55  151 
138 172 198 
167 103 48  
36  13  240 
161 244 117 
117 22  194 
198 146 213 
139 154 198 
104 128 241 
98  243 7   
38  165 196 
3   34  37  
44  85  207 
112 141 163 
207 244 181 
87  111 28  
106 235 214 
188 70  101 
131 175 198 
29  246 191 
157 198 172 
196 78  172 
81  16  249 
59  50  11  
117 193 241 
27  160 117 
124 199 243 
183 63  27  
90  153 153 
78  66  159 
141 162 243 
195 187 140 
32  188 142 
21  188 128 
182 128 16  
8   217 45  
11  83  133 
189 217 173 
106 119 183 
49  198 234 
5   141 32  
212 156 5   
57  67  99  
187 64  250 
29  45  69  
22  133 255 
240 242 157 
251 115 71  
67  86  189 
152 5   52  
240 205 54  
111 22  30  
65  148 16  
50  62  47  
206 136 195 
73  198 23  
253 46  158 
49  255 116 
44  173 89  
56  161 69  
237 171 1   
61  254 206 
215 70  138 
121 38  161 
218 162 162 
135 87  220 
32  201 159 
30  76  180 
216 198 154 
55  69  221 
127 72  22  
157 224 131 
133 48  203 
20  30  187 
101 216 94  
155 35  191 
128 239 61  
117 148 86  
96  65  209 
250 164 45  
44  205 189 
103 42  18  
117 231 242 
32  90  82  
166 98  179 
30  243 163 
185 248 231 
136 4   98  
3   94  68  
161 146 22  
49  214 57  
142 197 107 
206 19  168 
176 109 35  
236 198 201 
119 250 189 
193 65  204 
249 52  178 
93  218 21  
191 94  156 
194 37  43  
123 145 170 
253 27  172 
166 97  40  
32  195 233 
57  48  1   
33  251 239 
253 196 139 
14  114 48  
35  242 0   
24  249 9   
44  121 100 
95  169 207 
65  108 214 
136 149 49  
135 185 116 
131 8   16  
33  166 95  
10  118 29  
210 101 134 
193 169 217 
130 17  53  
3   217 201 
17  162 163 
182 168 5   
64  200 247 
196 60  105 
149 175 118 
13  240 4   
130 10  217 
229 75  171 
67  8   253 
127 71  177 
34  247 108 
221 11  48  
38  192 113 
14  156 114 
92  138 174 
230 68  77  
55  27  118 
125 143 150 
186 215 85  
15  51  254 
107 107 134 
18  65  234 
63  133 87  
162 112 42  
253 44  154 
143 94  157 
209 141 188 
183 28  29  
253 97  27  
109 103 85  
236 52  168 
25  78  66  
25  48  7   
91  67  145 
132 69  163 
88  192 32  
170 188 103 
246 8   65  
58  147 42  
46  181 151 
1   66  239 
201 6   163 
195 174 123 
23  45  91  
243 118 246 
135 20  96  
148 228 156 
43  76  176 
162 31  153 
134 31  230 
209 123 172 
62  6   102 
141 241 42  
127 239 7   
119 44  110 
58  14  23  
218 170 223 
132 59  210 
200 226 18  
187 1   159 
226 111 183 
65  239 177 
247 179 70  
235 206 220 
253 104 175 
118 188 195 
20  30  125 
160 104 167 
143 153 37  
180 225 124 
58  134 125 
179 175 18  
83  3   139 
87  56  122 
246 238 46  
162 155 227 
230 251 80  
195 131 168 
249 246 161 
105 169 79  
150 201 11  
226 247 153 
1   22  95  
156 138 251 
107 132 233 
221 9   29  
4   25  243 
201 10  47  
118 44  88  
25  120 40  
158 219 185 
12  61  92  
89  8   244 
116 155 229 
188 70  232 
242 240 208 
23  66  177 
192 235 20  
137 137 221 
147 78  183 
28  192 74  
127 211 172 
152 155 170 
234 209 85  
143 68  233 
225 182 173 
83  239 222 
119 108 129 
215 198 22  
250 65  69  
163 120 150 
23  246 100 
107 17  228 
72  242 38  
224 224 196 
34  216 115 
221 156 90  
99  232 37  
251 4   190 
198 249 170 
41  170 31  
6   237 23  
233 178 9   
163 233 10  
58  164 105 
62  193 232 
82  165 102 
166 77  84  
189 181 39  
240 168 252 
122 192 29  
42  138 6   
41  167 109 
144 53  202 
111 138 137 
76  180 150 
14  252 31  
31  88  181 
115 233 227 
141 184 237 
157 80  225 
101 165 45  
171 35  83  
174 200 38  
120 238 61  
111 231 6   
9   17  52  
200 7   136 
187 176 21  
75  228 23  
118 165 166 
170 117 192 
74  27  75  
3   114 22  
67  157 89  
119 28  98  
92  186 175 
215 186 178 
210 136 152 
126 123 162 
72  186 41  
189 202 242 
127 250 147 
92  50  78  
142 198 38  
29  97  205 
212 11  241 
80  239 15  
40  36  71  
201 246 9   
237 21  149 
221 152 224 
18  16  71  
58  9   88  
40  173 176 
166 185 205 
22  88  45  
17  173 176 
17  225 7   
133 47  240 
221 56  179 
204 85  234 
140 180 132 
236 21  169 
50  119 245 
199 222 158 
68  214 2   
128 239 29  
153 194 93  
118 221 61  
82  168 85  
243 20  240 
