146 185 191 
172 148 191 
202 119 181 
23  202 155 
32  150 85  
37  59  83  
50  147 34  
80  108 149 
83  92  165 
16  171 55  
173 104 145 
248 83  255 
113 172 123 
249 108 64  
113 67  77  
161 125 211 
191 33  184 
49  190 29  
29  54  76  
220 227 19  
101 187 11  
150 52  135 
53  169 135 
43  183 28  
129 139 240 
164 142 175 
218 35  156 
36  223 41  
137 159 238 
187 215 228 
205 84  167 
230 177 42  
229 48  12  
178 192 131 
166 102 93  
193 239 198 
204 9   148 
157 59  36  
80  133 105 
32  5   173 
94  58  11  
218 90  2   
199 172 11  
185 128 35  
2   254 111 
97  104 170 
21  178 237 
248 210 201 
2   233 178 
77  72  230 
138 148 72  
167 68  174 
100 85  119 
165 13  235 
59  3   55  
226 59  149 
10  13  11  
111 219 194 
188 48  90  
58  174 135 
13  58  166 
246 253 243 
32  214 175 
40  231 156 
85  142 226 
90  70  120 
49  137 172 
179 121 5   
124 175 123 
89  172 224 
236 61  160 
100 128 93  
229 230 73  
92  33  194 
63  25  74  
106 32  49  
23  8   122 
197 180 101 
5   125 186 
9   55  204 
94  164 19  
118 233 172 
66  80  104 
72  100 71  
164 109 168 
164 84  70  
154 143 146 
218 61  209 
140 233 90  
222 124 22  
23  18  218 
76  203 59  
207 90  17  
88  238 224 
28  160 31  
111 74  198 
219 236 251 
124 159 53  
163 54  154 
7   30  48  
169 32  68  
178 134 160 
190 147 61  
181 24  252 
223 119 22  
110 121 17  
76  6   71  
34  233 0   
38  99  212 
123 72  137 
250 123 43  
109 230 52  
204 106 146 
134 24  6   
124 196 163 
213 253 185 
156 155 214 
237 1   177 
12  36  15  
170 247 40  
253 53  149 
200 233 69  
36  33  19  
112 239 28  
73  149 104 
56  162 194 
119 138 111 
85  18  2   
111 97  14  
239 66  83  
52  197 32  
213 152 30  
203 242 38  
0   194 123 
126 94  184 
170 2   225 
68  6   44  
232 218 134 
38  205 250 
249 148 106 
167 165 180 
219 27  47  
170 134 185 
187 21  89  
67  83  230 
83  77  141 
114 70  242 
104 198 219 
197 120 58  
214 10  67  
73  155 39  
234 159 241 
85  12  116 
7   155 231 
25  181 253 
192 208 3   
241 133 225 
239 18  178 
234 107 24  
113 119 166 
8   5   210 
140 168 104 
29  144 54  
51  157 169 
89  191 89  
154 88  138 
228 119 138 
220 119 101 
14  170 66  
161 187 186 
4   196 90  
8   218 69  
19  105 84  
63  38  110 
206 116 220 
139 254 147 
188 120 201 
182 1   216 
91  47  76  
25  118 132 
151 155 10  
184 106 20  
7   204 81  
51  111 134 
141 131 175 
113 10  147 
47  37  145 
84  40  200 
63  194 182 
213 54  198 
46  28  146 
91  177 11  
159 241 1   
43  73  14  
148 237 211 
59  231 167 
204 30  21  
218 63  228 
168 182 43  
226 175 224 
50  123 17  
114 149 68  
32  68  96  
102 113 106 
226 68  236 
253 96  94  
31  31  11  
117 215 57  
46  241 242 
135 172 127 
111 215 170 
254 199 141 
137 156 128 
235 23  60  
255 143 6   
28  158 61  
157 180 254 
223 173 225 
159 202 199 
66  173 67  
172 226 29  
66  5   24  
249 118 84  
172 248 136 
43  59  82  
164 156 221 
210 54  240 
4   45  241 
155 168 146 
22  112 161 
130 243 18  
84  226 170 
171 145 79  
51  224 188 
177 164 4   
43  19  176 
139 208 178 
110 194 24  
83  92  190 
18  218 164 
146 212 25  
158 198 27  
230 149 4   
49  112 206 
19  20  211 
198 10  212 
233 188 189 
61  99  111 
124 182 25  
41  253 105 
159 252 150 
164 25  76  
175 127 80  
142 120 192 
5   78  215 
251 133 119 
165 254 125 
207 25  108 
16  193 132 
167 39  95  
63  243 8   
167 226 217 
43  5   183 
202 72  26  
111 5   181 
188 19  187 
239 62  61  
112 119 241 
135 164 223 
234 68  179 
36  6   110 
250 62  44  
224 59  246 
210 197 66  
248 195 81  
201 41  31  
175 154 58  
163 58  243 
126 42  239 
46  248 116 
34  161 185 
39  113 196 
105 19  247 
145 35  186 
194 49  134 
16  134 212 
8   127 146 
225 142 46  
4   79  58  
131 57  82  
132 231 136 
59  141 201 
48  153 175 
229 142 165 
89  198 148 
221 26  137 
118 238 251 
229 166 215 
18  104 3   
76  84  3   
78  88  171 
201 221 71  
73  244 147 
195 59  41  
15  61  65  
253 36  143 
221 183 137 
223 170 87  
210 198 239 
216 159 177 
116 179 20  
136 148 164 
137 142 148 
176 130 137 
51  103 225 
34  130 103 
90  142 246 
33  40  110 
188 224 254 
244 76  7   
65  72  65  
153 116 42  
104 255 244 
216 23  6   
229 50  192 
40  108 28  
197 12  30  
36  142 80  
185 101 218 
133 18  170 
82  123 79  
215 100 191 
86  133 78  
99  134 237 
121 253 164 
7   9   242 
24  243 178 
245 89  151 
205 202 166 
138 171 80  
247 48  41  
190 51  39  
132 45  163 
226 111 87  
167 148 99  
158 167 80  
55  80  77  
110 240 41  
241 48  218 
25  85  166 
216 72  147 
206 248 88  
83  0   74  
234 65  137 
243 99  191 
151 125 240 
214 85  113 
199 115 86  
40  176 208 
55  222 196 
48  128 8   
117 207 204 
231 207 25  
42  94  254 
26  194 1   
15  54  188 
110 251 26  
93  224 225 
242 115 1   
147 220 244 
0   84  157 
226 228 224 
148 113 32  
173 236 108 
103 113 21  
213 193 228 
116 204 223 
199 89  177 
171 37  50  
141 36  217 
255 174 105 
80  6   146 
19  144 200 
7   200 121 
51  143 14  
75  25  9   
92  105 225 
142 119 93  
125 154 252 
27  156 108 
56  138 32  
175 64  64  
210 89  62  
141 84  212 
10  188 88  
92  250 149 
16  168 250 
39  229 204 
223 196 108 
94  248 76  
150 215 230 
175 39  61  
174 173 105 
255 13  224 
33  33  12  
253 194 152 
211 87  225 
248 194 164 
233 76  190 
4   16  69  
201 63  137 
152 214 78  
251 161 219 
30  51  76  
39  144 22  
53  246 196 
217 14  67  
151 116 66  
221 106 83  
215 189 38  
79  153 151 
124 222 117 
175 114 134 
35  238 27  
152 8   53  
165 26  90  
241 154 5   
133 240 95  
177 205 115 
1   141 53  
132 48  19  
160 137 140 
251 55  26  
32  175 10  
16  44  0   
250 222 40  
23  214 37  
5   174 196 
130 182 128 
227 171 239 
253 46  186 
45  67  164 
200 246 74  
166 190 98  
94  160 104 
218 211 235 
203 32  244 
242 185 143 
60  148 162 
165 201 202 
173 190 13  
138 7   34  
199 235 123 
66  49  137 
68  63  123 
43  31  172 
121 163 164 
149 153 246 
213 192 23  
189 248 50  
116 203 162 
245 36  16  
21  25  135 
189 203 249 
26  169 83  
192 239 244 
92  43  90  
234 16  144 
238 42  163 
31  167 7   
43  104 105 
46  178 29  
169 137 137 
25  106 100 
224 162 108 
207 148 235 
160 67  72  
221 222 136 
183 23  218 
213 72  52  
85  58  228 
76  144 59  
4   189 6   
190 14  43  
90  39  225 
197 143 193 
174 202 119 
96  11  76  
110 68  66  
53  72  65  
239 135 135 
29  202 232 
209 58  193 
93  162 116 
74  86  63  
77  247 235 
235 72  74  
101 92  146 
204 0   112 
231 89  239 
29  180 190 
161 166 121 
134 67  21  
114 16  134 
229 118 229 
162 255 31  
73  155 232 
43  16  194 
56  34  179 
128 78  57  
163 79  66  
119 221 9   
27  22  191 
101 66  44  
26  190 55  
139 136 23  
131 229 0   
93  238 52  
167 235 241 
88  233 84  
110 2   201 
92  159 210 
117 71  77  
188 30  87  
66  176 6   
144 0   122 
219 190 179 
231 67  185 
101 41  184 
232 113 124 
150 4   58  
10  114 30  
28  12  174 
228 163 51  
74  32  251 
70  253 129 
168 12  133 
158 119 108 
59  56  181 
211 234 191 
158 214 225 
24  24  25  
71  158 162 
111 175 103 
135 66  236 
200 87  54  
39  27  151 
9   47  191 
184 190 15  
97  70  250 
230 122 98  
174 243 25  
114 246 240 
227 23  65  
161 88  96  
179 172 88  
61  199 171 
229 54  57  
128 42  92  
35  232 188 
128 102 84  
33  164 75  
244 143 175 
106 20  245 
101 203 171 
64  149 76  
49  215 148 
66  178 103 
235 99  33  
230 77  228 
238 210 204 
222 218 186 
76  246 11  
0   55  61  
91  221 114 
85  246 165 
144 214 36  
77  70  239 
99  42  31  
81  185 251 
113 72  72  
42  144 43  
35  79  65  
247 96  246 
114 55  111 
162 40  39  
170 18  184 
24  44  194 
58  22  231 
181 59  201 
241 114 178 
153 31  77  
53  21  213 
231 109 150 
28  248 200 
31  245 76  
109 136 238 
12  117 220 
242 63  88  
255 101 144 
165 148 113 
82  247 29  
154 193 36  
100 153 139 
183 27  103 
143 161 191 
152 228 43  
194 234 29  
47  232 30  
203 136 242 
6   68  199 
122 224 163 
39  30  226 
16  196 224 
22  66  7   
205 104 65  
101 221 254 
113 73  27  
199 204 78  
5   87  111 
178 54  242 
88  8   66  
230 110 44  
226 30  193 
124 81  245 
20  69  245 
72  153 124 
66  207 251 
175 220 173 
161 58  251 
69  50  190 
20  80  84  
207 182 44  
186 237 178 
119 93  182 
126 221 9   
89  219 46  
28  78  182 
180 139 69  
76  195 37  
92  146 145 
28  148 212 
72  193 134 
156 90  143 
82  213 21  
107 217 48  
119 42  44  
199 67  84  
67  1   84  
39  243 181 
50  223 26  
146 227 53  
29  190 4   
38  148 189 
24  245 67  
149 31  115 
77  47  107 
126 164 1   
175 200 196 
234 89  218 
161 93  33  
88  221 194 
226 134 63  
25  169 11  
97  225 12  
245 168 56  
190 254 121 
67  96  13  
170 208 153 
0   55  58  
104 169 55  
141 185 22  
14  235 55  
22  227 47  
98  248 85  
207 225 150 
105 7   25  
147 199 52  
254 224 39  
126 41  133 
6   185 44  
158 157 141 
34  163 19  
213 138 237 
242 70  85  
118 216 81  
61  225 111 
74  89  186 
158 201 238 
254 1   81  
137 222 151 
47  74  192 
187 165 131 
135 86  72  
130 20  82  
167 170 12  
82  45  201 
220 160 73  
165 251 102 
203 216 111 
34  146 222 
147 84  100 
109 23  121 
29  4   72  
61  12  199 
146 237 154 
138 67  43  
44  44  145 
229 75  38  
223 136 3   
99  60  112 
136 83  45  
164 32  59  
172 192 60  
207 112 50  
232 2   111 
169 102 29  
162 203 22  
14  8   39  
154 3   237 
106 54  56  
108 213 125 
13  51  238 
42  92  134 
118 76  9   
135 156 166 
219 180 112 
85  138 177 
154 179 25  
72  76  124 
101 174 117 
47  255 7   
56  183 55  
45  156 75  
121 173 133 
147 221 19  
227 12  249 
104 41  173 
250 248 1   
203 243 89  
61  58  116 
168 17  181 
95  22  128 
127 247 163 
21  75  58  
42  211 90  
113 158 110 
227 5   147 
188 183 148 
0   102 37  
68  67  227 
27  87  101 
167 143 0   
160 151 29  
117 30  193 
242 70  4   
74  232 237 
175 167 242 
166 61  16  
187 129 80  
50  138 181 
14  37  105 
55  109 157 
134 139 173 
100 217 219 
38  8   7   
70  67  209 
135 122 207 
245 3   133 
111 15  1   
232 112 206 
194 237 195 
234 106 59  
70  93  98  
168 70  207 
251 78  65  
82  84  225 
240 79  125 
64  132 192 
220 73  49  
160 208 242 
233 160 149 
149 106 28  
104 140 122 
77  235 254 
113 192 202 
248 249 7   
159 192 18  
174 19  102 
89  113 70  
155 137 171 
114 198 66  
18  203 85  
9   162 169 
81  145 215 
232 54  56  
31  143 1   
213 143 177 
138 177 213 
145 20  211 
110 9   35  
129 25  45  
142 3   139 
43  212 170 
100 118 179 
17  98  35  
247 163 212 
147 145 93  
82  82  232 
213 172 63  
116 124 32  
237 136 32  
208 74  111 
181 115 126 
187 84  74  
22  218 132 
85  98  234 
185 200 27  
206 26  185 
73  130 135 
27  100 171 
219 239 186 
115 110 185 
16  147 223 
49  140 177 
16  60  211 
237 113 26  
110 183 130 
225 114 227 
147 42  96  
255 206 10  
74  228 120 
68  55  139 
116 188 201 
34  9   47  
29  95  229 
34  243 21  
97  24  15  
5   6   8   
223 246 80  
14  93  8   
179 97  55  
69  220 133 
45  121 57  
194 187 67  
187 212 249 
109 219 228 
191 121 219 
183 12  124 
78  38  169 
48  218 206 
9   68  61  
8   116 246 
142 28  101 
228 197 177 
48  31  126 
136 231 130 
250 106 127 
66  103 95  
47  197 97  
33  25  184 
184 208 44  
92  116 231 
73  32  22  
111 164 117 
33  115 110 
222 217 179 
177 70  75  
156 123 151 
141 120 62  
136 71  227 
119 183 114 
126 142 247 
96  231 253 
235 253 232 
181 212 84  
238 189 167 
85  189 29  
99  213 99  
250 161 214 
106 2   108 
9   82  11  
84  145 63  
246 190 10  
238 218 126 
202 237 95  
168 102 12  
103 162 120 
15  244 126 
160 165 70  
135 201 158 
67  26  174 
88  28  184 
156 122 46  
88  121 229 
38  2   5   
232 105 153 
96  179 179 
249 205 15  
253 66  181 
76  165 114 
239 122 201 
58  62  220 
243 10  27  
153 252 111 
181 181 42  
158 55  64  
156 81  73  
205 232 209 
217 38  2   
84  27  62  
96  138 206 
103 91  115 
194 197 217 
115 151 3   
41  168 199 
68  46  123 
231 93  192 
117 41  65  
79  85  38  
188 201 95  
218 101 190 
246 240 206 
195 109 64  
253 20  27  
151 32  125 
173 182 124 
122 192 157 
167 157 176 
9   247 48  
170 59  58  
28  9   251 
167 9   223 
221 21  199 
209 195 107 
236 41  163 
88  191 38  
138 68  85  
150 225 134 
250 167 240 
215 211 251 
160 6   193 
250 133 238 
135 108 27  
166 48  71  
80  247 171 
197 67  19  
185 186 76  
131 9   37  
60  98  160 
5   230 201 
127 110 222 
138 128 219 
128 33  130 
198 52  231 
197 118 241 
137 151 25  
0   185 49  
18  3   35  
220 148 53  
163 88  112 
243 181 125 
43  124 45  
35  84  245 
40  64  20  
176 66  80  
7   173 9   
250 74  97  
178 240 214 
183 11  23  
12  85  177 
232 144 32  
131 22  91  
2   86  112 
12  235 235 
10  127 21  
30  151 161 
141 95  26  
131 239 102 
190 173 112 
35  1   180 
34  244 24  
15  116 27  
143 38  248 
111 49  172 
106 81  39  
47  237 226 
100 237 151 
116 64  234 
48  62  98  
63  55  83  
228 181 38  
213 178 146 
248 101 51  
179 231 223 
44  219 122 
68  225 75  
191 248 125 
147 213 46  
179 167 174 
160 166 53  
19  131 6   
54  233 186 
124 196 178 
74  73  43  
87  14  42  
66  36  172 
126 252 20  
199 170 58  
79  118 189 
227 241 245 
80  55  13  
155 177 96  
242 12  64  
74  172 176 
24  181 206 
100 242 137 
111 111 71  
105 115 183 
181 138 12  
53  164 198 
127 166 41  
236 44  131 
43  91  201 
52  196 207 
238 129 233 
122 214 73  
78  87  100 
118 132 187 
100 48  100 
45  20  81  
177 119 226 
25  249 253 
120 36  188 
78  246 152 
209 249 126 
163 4   162 
246 37  4   
84  9   169 
125 25  111 
154 129 200 
111 180 44  
31  162 184 
136 17  249 
100 174 97  
1   162 46  
112 102 0   
177 84  183 
96  221 41  
104 240 121 
172 29  93  
210 6   38  
68  93  229 
69  234 157 
209 184 44  
71  190 115 
185 165 221 
174 126 56  
184 159 98  
161 126 137 
52  194 155 
245 225 32  
140 63  235 
139 242 85  
22  2   229 
188 101 209 
138 212 68  
252 232 92  
7   224 247 
56  147 24  
250 114 91  
158 15  128 
143 50  5   
197 143 0   
109 90  166 
125 244 13  
245 146 240 
170 173 252 
56  122 130 
243 57  10  
92  9   70  
45  79  86  
48  68  205 
210 23  189 
26  2   127 
218 1   215 
166 180 198 
211 22  127 
91  109 118 
15  214 183 
165 155 35  
62  10  194 
246 49  37  
203 4   198 
106 49  115 
218 80  95  
143 216 165 
184 190 219 
36  218 182 
23  73  36  
237 117 100 
118 81  125 
237 55  58  
121 23  157 
157 215 167 
40  130 208 
7   112 184 
71  150 33  
199 244 67  
68  38  193 
90  192 174 
116 157 32  
79  143 151 
150 2   116 
45  64  254 
205 118 171 
47  43  205 
150 228 237 
36  248 200 
100 155 68  
19  53  81  
235 1   254 
121 34  132 
60  177 231 
53  108 144 
62  145 112 
126 193 98  
53  201 87  
123 147 245 
68  168 116 
83  98  229 
57  213 173 
206 89  32  
5   87  75  
227 48  189 
167 103 31  
189 136 104 
114 3   52  
36  62  229 
255 177 13  
81  108 147 
38  4   150 
142 15  253 
206 185 81  
50  134 212 
123 129 110 
219 105 233 
220 219 198 
250 113 5   
208 138 250 
1   91  170 
148 133 25  
217 20  37  
24  119 165 
109 140 124 
179 45  207 
105 8   20  
166 127 53  
128 198 47  
52  149 151 
211 75  141 
55  155 51  
78  194 202 
122 66  209 
34  38  99  
64  156 155 
149 53  93  
191 57  93  
230 91  255 
121 139 197 
251 26  38  
188 252 168 
12  147 25  
169 64  146 
140 64  231 
153 196 244 
252 6   181 
179 69  217 
115 23  134 
22  255 232 
244 107 96  
225 236 19  
246 183 229 
250 12  87  
164 34  172 
111 175 69  
183 49  3   
188 53  84  
9   159 233 
91  199 46  
40  25  83  
111 236 117 
142 25  37  
107 14  177 
79  83  92  
243 73  102 
96  115 101 
126 25  132 
188 29  146 
89  196 177 
17  106 36  
22  145 25  
198 93  114 
150 46  204 
112 0   11  
37  210 205 
12  44  227 
107 245 99  
166 39  242 
24  198 79  
43  161 204 
147 152 231 
148 177 23  
33  2   82  
188 226 241 
46  104 86  
108 119 157 
200 33  117 
144 104 18  
110 128 76  
142 200 71  
180 96  113 
47  146 70  
127 6   74  
165 20  117 
182 122 133 
141 109 148 
187 163 69  
1   217 94  
22  198 30  
14  193 211 
14  63  113 
53  204 143 
33  142 203 
188 95  194 
165 1   79  
244 75  163 
242 177 95  
199 168 106 
222 134 244 
40  2   67  
128 123 103 
60  97  179 
108 96  155 
83  220 97  
232 195 206 
9   181 69  
201 209 110 
42  44  176 
251 70  205 
49  139 161 
225 200 144 
111 28  102 
10  67  25  
75  9   127 
251 28  109 
15  85  53  
241 87  71  
64  104 105 
234 6   70  
124 238 134 
97  154 130 
68  249 152 
116 228 246 
75  154 247 
114 249 112 
21  119 14  
2   44  10  
16  13  23  
104 213 97  
115 143 244 
137 174 0   
121 174 96  
196 221 185 
223 173 53  
184 14  222 
169 131 117 
141 40  159 
151 8   90  
98  127 246 
214 88  157 
224 150 230 
208 240 167 
45  196 248 
37  49  126 
181 103 59  
53  86  119 
124 100 56  
197 242 29  
244 28  144 
160 155 212 
153 44  64  
74  77  21  
183 141 199 
23  157 90  
38  234 152 
75  235 22  
224 75  162 
9   255 77  
197 103 213 
62  221 161 
222 55  234 
201 184 248 
5   165 223 
146 68  2   
188 99  222 
74  222 71  
143 89  135 
13  62  141 
106 40  222 
28  179 167 
146 171 72  
104 20  28  
78  136 87  
167 240 29  
107 44  91  
40  162 199 
13  197 241 
166 80  165 
152 23  1   
190 5   229 
150 65  246 
229 96  205 
223 204 12  
226 139 67  
112 152 5   
62  133 145 
185 137 175 
44  215 163 
69  251 248 
208 77  120 
4   106 135 
243 83  120 
174 207 18  
130 250 238 
233 163 233 
106 218 223 
63  134 109 
183 75  228 
10  251 109 
248 166 224 
213 188 162 
82  141 165 
239 139 186 
214 119 229 
31  149 184 
236 226 251 
178 184 147 
239 4   122 
106 85  82  
84  208 130 
233 110 33  
243 166 70  
177 63  20  
71  13  75  
212 158 131 
189 66  73  
228 179 85  
112 136 180 
199 249 147 
231 118 87  
119 130 11  
162 186 134 
217 237 250 
170 8   212 
46  148 242 
84  46  79  
205 224 118 
250 139 176 
38  189 254 
93  78  2   
64  171 105 
225 82  165 
39  219 3   
240 112 204 
19  89  165 
27  153 176 
41  52  162 
217 32  56  
27  32  118 
242 241 205 
35  14  118 
248 174 133 
7   159 240 
92  236 246 
27  142 127 
254 251 71  
144 89  123 
82  9   93  
106 213 206 
103 127 60  
231 114 155 
115 225 232 
79  88  113 
183 158 112 
91  168 4   
216 146 237 
183 127 161 
248 44  147 
73  148 221 
57  108 46  
74  129 42  
115 61  153 
73  33  83  
65  218 22  
184 126 25  
174 50  147 
150 75  97  
45  146 53  
69  222 172 
165 0   204 
189 28  221 
171 0   249 
146 232 118 
75  194 39  
136 228 198 
240 239 175 
173 165 209 
67  129 184 
44  183 204 
26  120 184 
91  247 136 
218 66  160 
178 44  33  
201 47  15  
165 244 196 
72  81  45  
162 83  126 
248 140 250 
160 136 55  
39  204 49  
246 247 119 
32  151 15  
129 74  135 
51  114 162 
61  21  3   
143 214 106 
224 157 253 
67  172 115 
14  155 69  
5   123 44  
74  10  110 
136 219 177 
176 100 160 
143 201 55  
13  220 105 
4   228 224 
6   115 251 
168 199 39  
63  253 161 
76  249 151 
192 111 80  
141 40  147 
15  16  156 
129 169 89  
190 95  123 
224 121 132 
80  207 156 
139 42  182 
199 166 64  
128 139 53  
67  166 205 
152 229 162 
107 65  156 
167 35  13  
163 143 176 
212 67  21  
53  63  80  
68  223 217 
246 47  198 
105 182 227 
21  128 171 
154 107 78  
18  49  129 
185 9   220 
12  177 151 
25  229 189 
237 226 103 
218 235 39  
24  134 230 
123 140 24  
169 14  135 
82  185 219 
98  57  222 
34  176 36  
222 25  33  
20  140 223 
166 67  1   
177 213 0   
42  96  144 
185 131 2   
225 90  33  
232 41  214 
246 209 122 
2   81  93  
65  170 164 
197 40  223 
138 200 58  
142 8   233 
72  87  19  
215 140 155 
83  45  141 
215 39  91  
66  49  233 
228 122 81  
115 203 124 
114 226 71  
234 185 154 
190 235 197 
138 241 136 
135 177 117 
87  84  224 
98  87  56  
194 79  28  
142 27  125 
44  205 77  
82  168 165 
32  9   47  
75  194 169 
255 17  13  
51  93  57  
9   32  56  
11  178 10  
9   37  251 
170 253 19  
18  2   86  
31  230 219 
14  106 231 
114 190 60  
12  111 191 
153 27  22  
143 21  37  
193 118 233 
79  142 105 
69  217 85  
46  232 88  
221 193 239 
70  79  247 
234 189 234 
97  53  128 
249 115 134 
59  2   229 
194 12  65  
90  21  65  
84  64  65  
100 56  247 
54  117 116 
53  228 118 
148 169 77  
45  217 222 
222 37  47  
99  255 246 
95  41  233 
198 134 44  
183 16  198 
85  192 164 
59  159 37  
239 49  122 
166 125 148 
109 186 188 
167 254 222 
3   249 214 
45  210 150 
33  49  92  
122 52  249 
66  75  114 
107 162 71  
112 220 80  
123 87  222 
99  53  138 
89  244 189 
137 222 34  
64  22  55  
89  13  150 
67  213 4   
185 1   97  
74  93  234 
101 66  176 
132 31  185 
149 52  49  
97  74  83  
92  129 71  
133 139 234 
105 70  19  
45  79  198 
57  11  5   
247 245 45  
223 228 245 
22  168 68  
229 85  252 
79  238 255 
243 208 124 
92  0   124 
69  225 24  
130 135 94  
22  99  144 
121 94  4   
132 91  192 
2   91  169 
160 69  41  
182 84  216 
162 247 206 
247 221 183 
123 106 88  
11  106 18  
61  9   177 
194 227 53  
13  80  152 
60  200 235 
158 229 224 
174 115 68  
101 118 85  
49  35  241 
6   248 129 
248 205 82  
169 31  189 
148 233 138 
57  39  89  
2   184 56  
191 71  198 
176 175 168 
76  103 247 
210 16  148 
58  230 127 
137 218 206 
171 157 27  
208 144 105 
134 99  155 
55  140 66  
109 183 108 
192 220 244 
87  91  58  
135 209 147 
218 10  90  
253 209 208 
78  147 250 
211 10  78  
61  238 80  
247 16  77  
237 58  61  
33  152 252 
230 152 30  
238 199 12  
188 98  188 
123 204 94  
131 55  165 
239 194 222 
188 192 76  
141 15  235 
160 81  195 
15  179 222 
11  163 239 
132 77  138 
123 94  128 
231 189 205 
217 50  29  
36  166 140 
12  165 122 
79  69  173 
138 234 83  
43  87  236 
84  86  141 
94  252 160 
43  86  221 
229 229 201 
229 233 199 
161 40  1   
26  15  223 
16  139 35  
177 181 138 
154 50  195 
241 247 170 
242 230 213 
23  212 2   
123 117 10  
179 177 60  
183 222 210 
43  53  201 
35  68  7   
57  99  24  
15  215 163 
68  1   216 
88  60  24  
221 175 71  
8   24  32  
203 51  177 
70  203 31  
104 238 174 
40  123 110 
66  114 202 
56  0   34  
57  174 146 
206 86  56  
146 49  60  
148 149 36  
183 110 104 
202 168 49  
153 10  171 
28  57  66  
248 152 225 
57  135 201 
243 86  120 
99  34  16  
177 191 53  
166 201 46  
7   16  37  
141 211 53  
96  25  174 
94  240 133 
85  235 7   
74  41  69  
184 63  120 
19  91  105 
254 177 50  
20  172 221 
77  34  168 
180 170 164 
148 222 161 
167 19  5   
127 80  137 
139 114 44  
35  124 165 
193 24  193 
171 105 46  
151 33  96  
127 64  143 
27  125 248 
144 219 52  
43  51  131 
207 229 160 
166 94  138 
255 229 214 
199 149 120 
89  200 48  
10  184 172 
198 202 55  
54  89  191 
144 197 29  
91  58  134 
221 84  234 
232 155 175 
91  80  119 
30  75  15  
210 139 198 
145 178 245 
166 214 104 
123 91  38  
113 182 232 
1   155 76  
46  86  104 
194 109 245 
183 146 8   
69  161 126 
136 58  162 
35  228 130 
249 209 0   
255 81  154 
115 122 160 
169 141 150 
80  214 153 
2   157 119 
95  243 62  
120 237 210 
71  174 151 
49  78  104 
61  4   204 
71  204 14  
199 80  7   
153 174 64  
136 106 133 
31  1   244 
65  24  200 
204 118 136 
147 93  47  
85  128 221 
29  129 88  
128 245 255 
20  235 19  
197 160 235 
99  34  224 
103 129 82  
241 147 31  
80  177 103 
168 235 129 
80  34  28  
73  37  89  
151 189 92  
58  160 223 
126 125 32  
197 216 135 
248 157 116 
142 149 238 
71  254 196 
33  172 27  
200 63  17  
232 171 252 
240 72  209 
245 2   100 
211 54  175 
76  138 255 
200 225 105 
200 120 242 
16  130 120 
165 31  32  
131 25  72  
86  10  73  
169 160 40  
52  88  135 
216 59  63  
32  102 202 
42  213 35  
58  30  103 
93  246 237 
52  142 221 
7   182 212 
232 147 77  
161 13  190 
62  180 99  
83  251 72  
134 141 165 
139 61  41  
207 81  90  
190 133 10  
226 81  140 
241 110 36  
236 135 209 
208 172 64  
251 147 221 
124 30  235 
218 184 15  
100 205 6   
238 174 117 
186 9   242 
39  103 254 
102 19  10  
32  32  201 
132 28  40  
252 78  221 
208 133 104 
172 72  170 
146 156 109 
161 191 37  
226 80  199 
15  98  87  
92  145 84  
80  63  187 
160 85  179 
17  194 195 
51  121 29  
62  96  87  
145 246 61  
246 79  40  
158 42  236 
231 222 51  
181 28  209 
229 67  204 
249 6   79  
153 253 248 
199 140 86  
151 32  17  
76  101 239 
67  33  229 
179 106 140 
68  245 194 
105 62  148 
127 174 64  
90  13  161 
202 210 156 
72  24  94  
220 33  1   
132 5   20  
31  137 27  
166 48  65  
112 111 188 
37  106 206 
249 166 134 
219 235 193 
157 157 207 
212 103 126 
186 176 61  
251 126 239 
35  160 205 
136 5   52  
161 160 65  
49  218 163 
102 119 41  
148 59  64  
46  161 4   
87  221 251 
0   133 38  
228 54  76  
213 10  114 
216 183 19  
138 51  254 
121 229 184 
230 152 62  
202 153 5   
166 198 80  
34  200 53  
188 239 113 
71  164 35  
80  125 207 
124 250 165 
36  83  48  
11  16  115 
101 238 40  
43  123 49  
16  162 206 
83  155 107 
115 161 51  
89  194 170 
124 149 17  
244 52  237 
195 237 94  
111 130 36  
159 55  200 
185 232 133 
164 19  85  
19  187 208 
85  165 141 
2   12  225 
249 152 245 
97  3   26  
204 7   214 
154 171 144 
5   231 115 
108 22  3   
109 205 65  
215 49  255 
117 38  199 
247 156 192 
13  46  32  
248 88  176 
174 87  94  
111 58  146 
84  222 67  
186 83  187 
88  179 0   
44  219 231 
108 14  5   
59  57  138 
42  67  255 
233 62  177 
237 169 153 
20  180 208 
247 191 160 
128 195 6   
8   204 149 
177 233 202 
249 170 206 
233 114 249 
243 133 190 
242 169 185 
92  173 252 
117 76  183 
148 208 22  
7   217 159 
13  52  91  
70  213 229 
112 206 35  
136 31  56  
196 71  60  
17  225 55  
213 71  129 
211 205 59  
79  170 199 
23  158 84  
69  98  170 
170 17  210 
32  55  221 
97  225 233 
38  162 3   
12  94  86  
25  121 73  
59  181 11  
168 36  43  
83  21  78  
151 141 46  
242 33  210 
245 23  127 
143 119 170 
188 53  172 
208 56  50  
159 123 241 
33  206 60  
0   61  212 
88  103 28  
69  29  9   
154 218 118 
250 19  206 
190 249 213 
135 210 59  
212 121 106 
107 160 72  
169 238 149 
44  242 107 
81  154 254 
139 108 33  
43  253 99  
146 23  190 
212 99  110 
151 241 85  
0   231 47  
85  23  162 
62  160 7   
154 62  43  
6   253 48  
66  62  31  
170 111 33  
122 207 157 
253 244 127 
125 208 96  
203 41  93  
70  172 8   
127 231 244 
241 190 124 
132 147 32  
191 192 20  
65  172 64  
248 166 137 
200 69  79  
36  123 228 
139 92  75  
75  17  226 
180 89  75  
65  170 129 
245 28  208 
43  231 183 
234 87  47  
186 149 132 
99  49  54  
208 54  214 
48  96  72  
147 90  2   
67  67  176 
17  35  185 
72  154 213 
3   136 188 
4   239 151 
85  48  207 
17  219 0   
122 255 135 
217 147 6   
185 175 14  
222 152 27  
239 6   248 
174 85  182 
130 134 184 
22  14  30  
111 173 84  
106 117 28  
196 36  108 
12  178 97  
226 101 182 
103 212 192 
83  194 112 
32  214 149 
31  220 129 
47  195 224 
233 222 61  
22  157 8   
51  30  8   
119 16  69  
153 245 76  
181 33  25  
237 233 124 
96  78  100 
115 127 31  
163 225 248 
173 80  21  
236 99  184 
120 48  145 
127 111 163 
109 146 131 
190 88  94  
192 108 98  
64  90  28  
15  60  151 
21  92  241 
232 10  253 
204 89  239 
233 125 44  
11  24  167 
193 77  139 
220 186 227 
142 200 92  
9   58  172 
55  31  61  
15  9   255 
222 176 224 
141 59  190 
127 144 213 
75  3   192 
79  255 198 
31  115 9   
132 141 118 
91  188 151 
125 23  89  
145 95  68  
146 228 173 
198 15  168 
240 141 77  
118 49  12  
67  119 191 
237 70  193 
44  3   42  
228 153 128 
170 191 51  
104 9   153 
254 69  250 
109 210 29  
190 132 163 
161 140 73  
5   167 53  
90  238 218 
8   219 190 
176 243 15  
126 157 236 
41  101 135 
143 95  161 
121 9   65  
84  155 52  
73  220 98  
3   179 87  
4   33  142 
102 47  213 
20  50  250 
41  55  173 
28  75  124 
27  91  51  
12  208 72  
134 9   59  
42  187 30  
35  56  124 
90  49  11  
79  62  175 
82  117 20  
143 200 18  
131 175 99  
143 97  91  
206 61  200 
20  26  59  
108 143 177 
153 43  1   
139 189 230 
154 164 6   
144 79  173 
176 132 221 
1   248 28  
11  220 128 
127 47  199 
244 186 243 
87  238 19  
89  23  23  
153 253 195 
144 0   155 
183 144 172 
208 166 78  
12  37  143 
33  41  73  
237 229 127 
158 47  162 
11  247 103 
104 165 161 
70  125 144 
160 72  187 
80  58  44  
51  187 186 
167 22  83  
110 89  214 
211 242 0   
136 8   176 
236 141 226 
168 179 113 
203 109 37  
19  55  112 
130 6   125 
129 235 56  
229 147 23  
209 2   192 
71  94  66  
141 124 47  
195 110 231 
253 104 141 
161 209 45  
199 156 32  
183 247 218 
59  48  120 
220 231 81  
229 94  71  
192 35  65  
3   157 162 
201 163 87  
223 8   60  
197 46  154 
79  114 182 
147 238 56  
189 182 32  
16  38  232 
135 40  55  
228 64  54  
160 47  11  
13  185 79  
172 109 12  
56  145 32  
19  7   180 
66  67  242 
195 225 73  
127 127 198 
147 245 98  
145 18  16  
132 12  62  
249 191 185 
91  117 17  
173 251 93  
67  161 197 
78  200 71  
116 161 232 
218 35  158 
30  249 199 
236 190 181 
253 76  218 
233 6   136 
103 202 15  
165 156 190 
182 96  155 
114 203 217 
83  38  83  
137 165 76  
211 121 197 
82  203 182 
228 188 128 
0   12  117 
254 194 75  
103 94  71  
19  73  69  
42  225 184 
173 14  29  
138 232 144 
65  95  225 
122 62  120 
166 57  28  
205 35  146 
224 89  48  
144 178 185 
207 193 63  
245 174 162 
93  158 244 
87  237 25  
58  159 6   
58  214 8   
80  21  96  
95  173 16  
111 107 31  
61  164 219 
230 231 234 
124 232 107 
251 175 86  
73  39  27  
141 123 81  
159 58  6   
58  138 194 
206 2   15  
225 174 235 
243 145 200 
97  137 45  
26  55  224 
214 83  52  
59  22  228 
206 193 195 
89  53  118 
38  234 147 
106 93  77  
146 49  254 
207 32  146 
253 163 111 
131 208 122 
63  86  208 
84  95  45  
227 149 113 
179 88  91  
239 14  18  
15  107 15  
233 58  27  
172 77  154 
148 177 44  
118 214 178 
22  46  137 
68  160 22  
134 109 6   
132 153 88  
20  40  133 
77  70  156 
73  225 46  
60  162 106 
22  56  209 
182 231 232 
158 253 73  
95  157 19  
12  66  176 
226 199 219 
205 24  190 
105 2   29  
9   186 182 
72  243 252 
49  82  161 
209 95  11  
244 161 208 
75  175 52  
4   44  221 
128 230 118 
109 191 150 
91  32  197 
107 101 165 
145 57  172 
2   34  207 
76  53  140 
196 22  27  
74  116 134 
146 214 69  
245 218 119 
47  16  66  
90  123 137 
0   229 202 
13  96  72  
90  117 33  
85  133 64  
27  145 138 
65  38  139 
144 149 56  
108 232 216 
205 208 147 
152 140 212 
4   10  39  
112 38  252 
131 8   161 
11  25  61  
90  22  156 
9   56  243 
219 11  46  
96  234 31  
118 60  124 
50  26  247 
148 85  185 
71  93  15  
136 28  85  
248 151 215 
177 131 86  
182 254 28  
87  147 4   
115 85  207 
239 23  118 
137 177 70  
205 19  162 
4   35  166 
105 106 247 
84  32  65  
195 63  179 
207 129 9   
137 241 110 
139 103 106 
14  202 145 
123 112 38  
50  180 179 
213 253 9   
201 144 21  
40  123 140 
42  10  173 
172 229 200 
228 245 135 
177 5   66  
205 153 96  
57  22  115 
236 125 199 
35  212 37  
239 141 51  
110 39  242 
28  172 189 
124 222 135 
17  23  134 
99  62  131 
165 32  253 
167 83  4   
199 41  115 
245 58  59  
57  236 190 
184 234 166 
104 111 227 
157 31  191 
221 54  253 
100 111 60  
247 144 212 
141 193 61  
239 19  236 
194 140 246 
82  165 233 
16  179 177 
117 162 160 
72  215 69  
152 250 50  
35  114 86  
168 102 250 
255 29  241 
223 3   61  
78  205 105 
192 232 214 
9   236 123 
22  161 92  
200 151 36  
1   141 114 
85  102 180 
55  149 56  
203 143 249 
5   180 32  
160 68  158 
177 68  150 
52  143 14  
75  19  47  
175 40  130 
20  172 103 
93  243 249 
0   83  22  
202 39  82  
254 166 22  
62  76  189 
12  233 226 
123 150 64  
69  93  13  
194 69  4   
96  55  225 
136 19  158 
101 14  136 
103 213 157 
126 226 142 
45  215 248 
43  1   158 
25  166 55  
72  117 191 
158 58  111 
162 199 140 
78  196 95  
13  54  14  
187 135 88  
61  181 68  
101 137 183 
208 72  132 
21  1   20  
70  160 53  
59  199 120 
219 2   140 
33  53  49  
134 217 91  
15  55  41  
132 141 22  
187 129 194 
53  107 138 
151 33  160 
61  196 9   
221 228 251 
35  147 247 
98  76  58  
226 71  239 
159 7   16  
39  128 7   
112 40  86  
61  225 219 
114 140 78  
200 75  91  
15  57  23  
221 27  156 
152 150 121 
42  57  27  
248 198 89  
25  32  40  
231 152 104 
58  47  129 
170 194 243 
94  211 66  
190 98  223 
28  117 169 
5   250 47  
192 46  109 
70  104 172 
213 175 151 
41  128 134 
192 221 22  
237 84  5   
52  23  137 
144 87  160 
90  27  252 
32  207 31  
5   255 126 
105 95  139 
82  203 226 
71  139 18  
120 134 6   
55  130 57  
191 218 119 
6   148 235 
206 154 76  
171 31  63  
215 211 133 
177 215 18  
70  45  96  
189 182 204 
252 195 88  
15  243 223 
71  187 201 
17  212 231 
7   78  113 
83  63  119 
206 251 74  
136 65  236 
212 18  107 
87  27  235 
25  228 243 
35  104 72  
14  59  45  
26  122 146 
147 226 107 
32  6   116 
59  102 80  
124 175 165 
2   89  124 
79  22  47  
9   187 210 
55  119 28  
240 90  223 
180 251 255 
218 69  252 
33  71  201 
86  164 72  
98  239 233 
142 148 144 
160 215 178 
143 221 180 
150 171 110 
144 149 55  
109 238 179 
123 17  242 
18  87  201 
35  177 41  
140 111 83  
241 106 112 
188 179 104 
237 35  29  
138 164 229 
106 49  70  
119 134 167 
196 158 115 
249 201 226 
235 5   135 
64  71  211 
183 31  159 
41  219 133 
51  89  199 
139 9   94  
95  14  216 
39  162 168 
37  51  232 
222 172 94  
103 155 1   
251 252 222 
119 34  41  
175 65  75  
90  87  215 
28  108 208 
156 128 111 
123 189 249 
171 17  92  
55  226 220 
238 233 213 
39  225 211 
9   243 130 
33  203 235 
31  251 114 
154 104 89  
228 220 27  
25  92  146 
225 79  106 
154 115 220 
59  255 0   
66  26  108 
211 182 55  
231 49  119 
167 187 128 
95  173 182 
175 183 56  
149 209 80  
172 189 11  
207 229 44  
177 73  122 
174 172 16  
62  84  31  
204 13  34  
74  205 197 
8   174 159 
146 20  113 
223 111 229 
5   78  233 
99  5   36  
38  173 95  
167 39  83  
184 251 74  
198 12  60  
19  12  149 
202 43  184 
239 228 169 
26  121 121 
145 179 254 
58  154 235 
149 244 53  
7   197 29  
202 85  237 
173 69  169 
227 47  209 
13  220 23  
227 181 140 
86  123 49  
142 44  167 
230 5   61  
72  191 132 
232 24  32  
43  212 236 
28  19  203 
55  231 237 
204 208 142 
229 91  245 
229 205 28  
143 193 119 
160 183 104 
98  127 122 
70  153 167 
217 226 217 
243 20  16  
242 0   41  
103 111 60  
151 245 121 
63  103 50  
249 95  109 
51  253 126 
204 32  93  
39  184 232 
158 218 128 
51  22  163 
203 153 81  
241 33  17  
180 166 174 
172 96  107 
67  131 90  
70  158 237 
232 110 235 
246 62  94  
139 13  89  
40  19  253 
44  12  152 
31  250 73  
42  205 3   
51  158 25  
98  134 145 
191 54  250 
169 89  0   
23  30  210 
76  75  121 
29  148 58  
156 39  97  
85  3   10  
179 174 73  
131 163 10  
238 166 71  
56  87  208 
214 162 22  
222 12  34  
108 156 208 
23  12  128 
21  183 34  
153 254 167 
148 194 69  
201 136 27  
221 85  38  
186 214 43  
159 157 130 
103 110 227 
214 54  222 
60  18  233 
204 159 165 
72  174 59  
74  41  212 
175 120 65  
238 125 249 
57  207 188 
216 4   112 
14  129 113 
56  210 36  
252 122 155 
90  234 64  
224 11  149 
71  245 143 
4   74  57  
19  190 131 
146 63  224 
112 22  22  
110 211 11  
29  231 252 
18  191 28  
74  159 240 
65  240 172 
17  69  245 
175 19  95  
127 201 224 
234 80  64  
246 114 145 
47  85  15  
206 124 156 
241 67  11  
111 61  86  
49  27  24  
100 108 125 
0   192 81  
32  99  249 
197 165 106 
92  112 104 
22  186 111 
96  143 108 
73  71  185 
147 37  251 
7   164 58  
37  148 37  
134 24  112 
177 195 252 
55  66  151 
43  233 176 
11  219 245 
116 62  254 
151 178 91  
102 100 119 
200 45  36  
63  160 84  
223 186 100 
170 59  207 
237 239 5   
226 165 58  
13  82  247 
152 55  70  
4   246 207 
170 152 65  
29  116 92  
203 57  44  
77  241 33  
171 108 251 
9   35  183 
67  242 95  
89  154 126 
76  30  231 
3   185 41  
17  222 91  
233 31  10  
20  73  158 
241 116 39  
67  129 129 
8   210 131 
179 10  62  
40  67  26  
18  229 166 
102 15  129 
84  21  23  
109 205 54  
74  83  222 
247 110 241 
32  24  148 
40  195 159 
248 80  137 
204 42  207 
21  79  107 
234 102 185 
90  219 159 
49  208 35  
9   104 8   
33  90  207 
3   228 56  
7   42  62  
249 152 54  
25  173 231 
77  14  94  
98  109 52  
150 254 14  
54  34  227 
3   169 22  
101 162 156 
17  55  36  
112 194 219 
79  234 171 
93  82  134 
37  65  240 
14  165 186 
224 108 61  
29  116 189 
102 148 122 
166 252 23  
96  235 138 
152 155 61  
200 126 72  
84  98  85  
20  62  251 
196 90  247 
114 191 140 
57  100 253 
212 149 242 
173 251 195 
196 101 137 
55  77  91  
46  244 81  
215 96  165 
165 232 70  
234 55  87  
213 240 78  
217 57  68  
18  136 118 
233 78  148 
79  168 117 
54  103 167 
227 230 166 
61  102 206 
222 5   253 
126 174 49  
223 225 167 
33  191 112 
174 53  79  
165 161 223 
3   179 62  
252 23  116 
64  100 211 
163 202 191 
14  75  9   
155 241 127 
22  188 253 
76  25  179 
79  236 180 
179 35  60  
159 159 152 
113 143 103 
179 6   93  
149 165 248 
100 35  81  
54  43  144 
9   83  68  
51  152 127 
115 206 134 
181 19  102 
151 54  182 
82  149 53  
12  147 79  
212 6   99  
226 79  58  
16  55  119 
138 11  205 
99  0   60  
185 98  253 
153 235 51  
147 247 178 
121 47  32  
131 105 123 
37  246 198 
130 246 17  
15  22  47  
201 247 110 
53  198 21  
20  130 103 
221 255 61  
6   207 251 
14  125 238 
82  48  232 
116 165 200 
173 196 27  
117 186 160 
190 40  14  
156 33  54  
123 210 70  
171 170 216 
192 226 95  
239 21  82  
254 125 102 
171 79  190 
82  34  126 
182 23  8   
102 106 250 
162 14  79  
234 53  116 
3   96  96  
138 59  137 
174 127 253 
167 108 63  
15  181 184 
61  175 73  
219 112 132 
191 217 155 
213 148 70  
210 249 16  
90  58  14  
40  72  16  
238 162 204 
237 95  122 
3   72  138 
133 128 60  
175 84  156 
139 22  91  
13  228 73  
82  187 97  
128 220 207 
84  93  103 
12  67  217 
83  98  49  
127 86  192 
31  216 31  
43  211 38  
57  13  216 
84  51  207 
198 46  254 
169 196 206 
150 185 74  
86  228 83  
44  229 228 
153 212 195 
3   75  206 
223 203 224 
139 124 193 
213 94  39  
142 69  203 
236 94  186 
1   201 134 
67  165 99  
105 198 209 
248 156 152 
93  149 72  
75  93  137 
208 199 234 
25  180 156 
38  117 182 
151 122 235 
59  148 34  
91  243 146 
236 235 188 
13  60  251 
196 136 84  
92  238 105 
210 188 120 
9   122 101 
218 12  54  
40  241 238 
91  147 92  
223 46  107 
39  209 167 
86  166 207 
117 215 164 
144 65  127 
190 76  55  
98  9   206 
195 201 251 
203 152 38  
136 114 247 
77  139 68  
46  224 104 
38  95  11  
239 180 130 
114 132 217 
173 104 125 
156 147 98  
204 61  76  
171 222 129 
84  89  195 
74  213 127 
142 106 41  
164 255 185 
154 116 95  
102 109 182 
172 138 32  
126 246 3   
239 164 9   
127 157 116 
76  215 112 
167 233 159 
126 147 46  
251 39  158 
52  179 227 
248 190 138 
62  138 99  
204 32  41  
240 39  82  
16  8   187 
62  141 13  
116 246 250 
68  152 120 
239 51  156 
49  182 78  
60  191 255 
211 203 251 
213 243 199 
55  209 50  
176 196 142 
16  26  184 
92  233 2   
237 57  26  
94  77  253 
101 247 77  
212 151 123 
184 241 103 
206 174 129 
162 162 236 
222 133 71  
78  6   106 
196 145 75  
168 38  94  
76  180 24  
132 35  140 
180 134 224 
85  153 85  
55  66  62  
94  117 185 
134 199 184 
177 148 246 
96  95  224 
84  193 17  
138 80  26  
90  239 166 
203 111 123 
225 194 209 
190 30  55  
44  193 20  
153 127 154 
81  200 126 
62  198 132 
53  151 134 
38  237 214 
203 141 83  
11  58  92  
215 242 104 
99  83  16  
156 90  237 
255 215 213 
62  7   17  
116 180 238 
198 90  52  
16  177 225 
4   178 216 
140 233 147 
200 62  140 
196 34  169 
34  186 86  
8   76  162 
175 17  60  
244 144 37  
26  75  253 
203 166 116 
92  92  30  
196 125 0   
98  175 217 
216 86  151 
23  125 136 
226 213 170 
19  79  164 
53  195 138 
84  68  121 
254 115 189 
209 234 16  
254 3   183 
196 207 7   
137 244 148 
253 20  80  
200 203 177 
159 166 8   
176 191 41  
25  240 231 
55  153 174 
48  25  255 
155 84  47  
122 49  181 
226 32  70  
161 217 72  
226 212 112 
52  78  62  
102 244 109 
7   213 134 
79  209 104 
66  4   61  
200 118 174 
176 87  77  
218 87  33  
245 17  104 
16  0   169 
171 95  11  
225 58  80  
158 46  133 
34  84  207 
152 61  60  
167 161 177 
126 76  172 
222 66  92  
178 116 205 
16  210 159 
237 19  222 
123 152 148 
25  206 208 
154 63  246 
201 151 198 
32  78  65  
100 187 97  
157 209 45  
34  92  206 
196 242 107 
102 239 215 
198 116 174 
34  141 101 
71  80  89  
63  59  47  
208 226 120 
66  119 143 
208 101 200 
166 170 180 
133 180 247 
170 75  172 
104 134 106 
117 222 243 
244 165 35  
231 20  141 
215 204 161 
117 173 222 
243 40  215 
212 246 180 
190 194 124 
107 247 62  
216 45  114 
194 168 234 
245 81  242 
98  201 93  
115 47  180 
233 51  6   
39  235 93  
58  183 244 
78  129 209 
18  236 251 
170 246 57  
112 118 82  
40  218 218 
133 175 35  
163 122 29  
47  184 205 
174 29  77  
48  92  202 
90  14  249 
151 76  110 
123 109 250 
25  151 254 
218 255 145 
77  117 215 
82  112 24  
6   187 148 
205 194 57  
67  137 119 
153 226 167 
105 30  126 
149 156 209 
200 206 241 
25  93  8   
145 139 75  
174 142 3   
209 144 200 
244 103 218 
14  252 254 
66  134 188 
137 134 79  
230 188 22  
100 151 20  
13  196 232 
23  102 208 
192 221 109 
244 236 207 
115 137 113 
175 198 250 
32  217 225 
38  108 200 
223 6   121 
219 54  144 
117 89  161 
219 43  180 
94  131 213 
10  154 79  
50  241 42  
17  217 116 
123 206 205 
89  204 31  
81  166 154 
215 254 99  
92  230 18  
160 113 126 
11  186 87  
116 117 219 
29  232 0   
192 27  40  
213 191 224 
210 42  8   
108 57  20  
43  160 10  
157 218 242 
48  23  240 
101 244 176 
179 185 105 
70  86  222 
7   124 195 
175 150 13  
151 221 78  
96  109 41  
60  93  95  
215 231 128 
202 95  52  
43  82  101 
135 65  38  
235 43  240 
133 198 244 
206 130 78  
34  40  4   
90  137 150 
16  108 239 
211 75  40  
182 204 186 
11  187 247 
205 89  125 
230 156 87  
130 28  112 
187 246 31  
133 97  150 
207 14  63  
204 245 122 
155 27  31  
246 123 190 
172 51  94  
140 35  105 
41  31  201 
156 100 53  
114 30  166 
86  151 85  
78  184 169 
190 116 95  
165 50  32  
136 233 104 
185 72  70  
188 192 113 
86  46  190 
181 15  174 
122 14  153 
151 112 93  
93  121 127 
81  95  27  
226 138 205 
192 97  254 
216 170 200 
156 194 221 
153 48  56  
37  254 135 
227 90  1   
211 58  227 
255 80  154 
121 90  40  
152 45  111 
149 150 173 
200 69  148 
195 146 2   
73  30  81  
146 114 85  
210 220 107 
41  97  77  
252 11  61  
122 117 222 
73  7   253 
253 4   199 
39  128 187 
36  198 187 
254 194 3   
8   80  95  
172 199 34  
254 207 162 
3   68  136 
22  17  34  
23  46  179 
180 53  146 
138 105 169 
193 164 101 
22  155 243 
35  23  34  
254 95  141 
129 215 51  
56  78  77  
128 133 12  
98  143 167 
244 0   248 
233 245 231 
195 67  249 
234 206 43  
106 91  110 
173 244 196 
89  190 141 
215 196 206 
179 168 200 
156 245 26  
10  78  181 
151 155 193 
44  5   29  
30  175 245 
40  174 48  
29  236 239 
7   8   23  
231 243 12  
249 184 91  
125 229 117 
218 32  219 
52  251 226 
101 100 65  
202 191 97  
107 45  58  
70  245 33  
226 3   226 
51  95  175 
185 93  25  
31  206 50  
160 183 194 
92  74  128 
77  72  30  
123 59  32  
240 53  181 
250 206 156 
194 79  155 
17  14  174 
250 190 233 
177 110 42  
146 49  191 
10  182 182 
159 91  52  
49  141 173 
35  238 250 
194 22  196 
170 87  158 
143 94  66  
17  224 176 
189 138 242 
62  2   49  
224 10  24  
189 22  33  
236 55  5   
123 163 0   
28  35  47  
21  243 151 
32  146 201 
114 189 117 
48  72  84  
165 7   210 
206 51  169 
75  134 223 
100 25  92  
222 45  176 
5   218 145 
180 165 59  
239 93  159 
165 229 32  
171 193 8   
140 42  65  
216 114 183 
30  243 72  
255 36  136 
207 210 177 
15  244 122 
186 55  244 
75  14  32  
196 123 223 
203 176 52  
126 207 66  
232 102 77  
101 229 124 
37  202 41  
149 106 139 
119 57  20  
15  170 167 
245 45  74  
24  239 148 
93  72  99  
106 127 51  
236 51  53  
28  78  245 
127 212 169 
153 172 57  
243 149 114 
253 164 200 
62  169 179 
165 201 225 
194 148 236 
233 150 149 
181 104 201 
39  186 108 
195 104 173 
175 230 125 
49  25  9   
52  236 133 
40  232 222 
200 89  166 
241 239 2   
141 209 201 
74  123 253 
166 205 230 
31  93  148 
7   153 148 
68  62  96  
59  149 178 
13  90  6   
56  49  13  
208 118 233 
204 24  72  
179 240 104 
98  128 115 
96  55  11  
248 169 26  
104 11  43  
163 224 169 
128 85  252 
3   168 125 
224 127 254 
93  218 0   
106 138 59  
103 217 147 
102 90  234 
227 38  68  
234 233 69  
156 3   118 
90  107 176 
102 226 8   
116 130 146 
38  204 165 
236 17  98  
30  17  53  
131 86  214 
224 211 179 
25  73  64  
187 86  208 
52  125 117 
135 15  44  
230 242 212 
14  240 11  
34  148 70  
137 103 203 
220 98  80  
243 248 143 
132 108 140 
15  145 218 
195 46  38  
129 218 7   
132 241 49  
72  47  232 
162 53  233 
116 17  240 
224 88  68  
247 39  177 
245 238 99  
217 38  159 
199 140 181 
63  66  73  
48  242 246 
251 234 146 
237 217 79  
172 7   139 
116 204 55  
142 243 251 
239 217 245 
133 217 193 
144 0   200 
26  84  137 
238 159 32  
81  79  148 
58  89  117 
169 159 121 
102 34  152 
167 211 53  
142 118 146 
179 31  221 
79  235 114 
58  126 204 
199 150 147 
73  82  43  
118 2   73  
35  49  32  
60  163 236 
128 165 8   
28  21  192 
113 247 135 
156 125 43  
32  114 86  
207 233 55  
238 154 16  
109 136 83  
141 62  123 
136 5   203 
50  131 239 
194 120 122 
245 46  242 
6   157 148 
237 214 40  
59  91  165 
187 203 23  
105 188 26  
113 206 127 
66  230 226 
34  247 47  
18  181 23  
126 85  158 
131 4   167 
60  46  182 
185 203 115 
81  231 136 
172 155 106 
21  0   236 
207 30  124 
238 167 61  
101 161 129 
27  205 162 
21  217 101 
172 194 174 
146 95  59  
209 195 64  
125 153 1   
2   4   226 
200 4   62  
180 21  26  
64  31  192 
144 184 105 
12  108 34  
108 125 244 
63  57  233 
112 195 1   
210 49  78  
54  243 210 
158 237 25  
190 3   135 
52  242 19  
144 174 5   
158 231 251 
101 229 31  
114 227 6   
38  91  114 
187 36  73  
43  68  166 
170 149 162 
252 156 36  
6   223 2   
255 137 88  
215 6   29  
221 195 20  
196 188 236 
129 0   189 
15  236 138 
2   207 55  
70  51  77  
210 119 216 
248 61  48  
6   167 200 
11  62  229 
158 28  146 
139 1   40  
9   149 215 
19  69  46  
102 152 99  
13  92  61  
35  4   18  
133 73  214 
17  103 67  
74  214 255 
11  125 210 
132 79  124 
181 122 208 
18  236 40  
8   223 104 
77  15  170 
162 15  191 
249 220 52  
23  222 169 
148 221 19  
175 206 135 
73  172 59  
92  190 183 
32  215 14  
201 40  76  
75  123 17  
205 79  17  
165 79  81  
184 236 9   
183 12  160 
29  43  221 
225 122 241 
51  42  1   
120 143 132 
231 47  116 
249 90  153 
38  76  103 
164 178 231 
27  55  46  
21  232 10  
66  113 75  
186 232 159 
172 29  111 
57  134 211 
198 12  199 
29  247 133 
122 242 242 
102 163 80  
140 189 106 
209 199 23  
124 126 84  
241 175 231 
86  111 229 
116 105 81  
50  246 227 
34  65  129 
90  178 243 
126 102 199 
74  252 167 
16  134 71  
10  90  141 
188 73  6   
144 219 177 
187 236 158 
40  88  78  
9   110 45  
27  3   163 
106 15  100 
10  215 36  
79  12  198 
181 194 128 
71  227 107 
41  154 56  
190 128 234 
138 68  180 
56  34  54  
240 149 30  
74  220 148 
20  205 102 
255 248 242 
194 201 64  
106 175 68  
69  52  253 
148 237 183 
76  100 135 
14  22  215 
246 163 240 
193 18  255 
12  24  75  
224 3   165 
144 140 209 
255 111 102 
33  186 125 
191 204 220 
248 238 156 
144 171 163 
85  31  18  
120 246 27  
191 201 60  
222 252 198 
104 51  178 
198 66  82  
137 223 94  
18  81  179 
158 90  161 
140 248 216 
189 172 121 
246 189 222 
138 10  236 
81  115 205 
111 166 29  
15  39  72  
28  169 216 
252 236 178 
138 185 123 
246 47  185 
232 163 135 
208 139 70  
65  253 53  
246 99  63  
185 207 235 
169 171 163 
182 185 103 
235 162 230 
85  4   240 
120 108 152 
236 156 245 
90  207 184 
146 246 228 
252 126 71  
234 58  22  
203 186 247 
153 85  41  
194 44  2   
48  196 33  
110 74  153 
120 40  30  
94  166 99  
94  11  150 
238 239 3   
238 102 74  
234 147 170 
34  183 111 
143 71  10  
114 213 202 
191 214 90  
98  195 168 
142 14  38  
132 39  252 
114 160 22  
170 60  11  
185 75  248 
55  82  108 
18  182 184 
215 58  65  
76  183 255 
254 47  254 
159 3   178 
4   29  22  
14  112 149 
182 86  92  
205 96  169 
180 12  11  
172 223 47  
245 55  162 
249 161 79  
65  171 32  
85  231 212 
145 124 71  
107 228 129 
132 27  227 
150 78  222 
114 159 79  
205 21  160 
197 55  180 
118 112 240 
155 198 174 
235 197 52  
229 11  90  
213 33  55  
118 230 254 
173 44  190 
201 152 203 
1   226 228 
95  23  100 
81  123 220 
8   198 54  
153 71  233 
116 52  191 
236 103 163 
216 169 85  
166 167 242 
155 182 19  
34  242 56  
54  248 241 
247 6   166 
211 209 52  
36  123 177 
84  202 181 
189 63  30  
191 208 181 
235 8   42  
71  147 55  
102 116 165 
111 173 19  
178 209 42  
241 93  67  
189 186 178 
112 244 29  
185 16  55  
43  74  106 
66  0   34  
23  217 166 
55  8   182 
54  73  203 
199 64  186 
9   150 109 
159 84  9   
99  23  31  
75  233 220 
14  10  76  
23  113 227 
1   121 11  
26  139 135 
23  143 160 
53  141 237 
135 183 161 
37  196 148 
140 27  247 
252 144 158 
2   91  54  
158 106 46  
219 153 0   
22  106 87  
192 42  107 
215 249 146 
61  137 174 
82  159 190 
60  99  118 
92  62  8   
202 214 174 
95  17  91  
77  54  176 
78  68  33  
191 247 11  
201 12  120 
138 135 99  
2   126 50  
13  72  31  
53  151 52  
0   228 213 
217 54  16  
37  170 188 
216 248 233 
22  195 143 
98  53  12  
3   88  155 
61  136 192 
191 255 242 
173 179 49  
121 12  4   
55  185 145 
226 149 253 
241 128 188 
188 82  190 
35  100 255 
6   154 87  
97  115 220 
51  43  57  
99  87  212 
65  128 163 
74  19  170 
126 229 249 
23  30  153 
97  137 4   
113 132 107 
197 56  69  
28  16  121 
92  139 237 
171 179 4   
67  165 16  
73  157 88  
245 229 45  
188 197 189 
18  11  39  
232 214 46  
175 192 59  
116 188 57  
55  138 156 
114 61  168 
247 138 190 
8   106 181 
240 156 114 
143 206 0   
140 176 96  
174 154 128 
60  113 137 
76  77  28  
49  154 211 
123 124 186 
171 138 203 
158 209 229 
149 236 35  
128 81  80  
103 152 151 
23  144 233 
130 250 61  
34  88  55  
131 150 109 
231 236 52  
68  139 191 
185 248 232 
130 36  218 
21  190 106 
92  210 2   
108 46  27  
42  38  166 
253 225 41  
101 169 101 
75  56  199 
139 157 60  
12  2   157 
70  15  219 
173 129 88  
73  196 89  
186 166 100 
152 228 183 
204 207 50  
49  110 248 
201 124 163 
89  226 182 
158 172 102 
251 158 124 
188 228 104 
210 222 77  
245 17  179 
92  104 31  
153 191 67  
197 64  52  
217 89  191 
79  7   154 
225 120 31  
219 192 51  
37  100 150 
164 62  21  
207 82  101 
76  99  43  
96  9   98  
200 242 80  
209 243 83  
207 180 102 
221 193 108 
214 8   18  
67  48  152 
196 70  35  
21  145 83  
222 124 210 
114 27  52  
159 104 92  
67  56  138 
116 194 163 
208 74  142 
151 42  218 
65  153 23  
124 97  101 
115 105 215 
143 144 123 
162 106 137 
52  204 41  
211 2   157 
68  21  193 
16  30  58  
130 131 228 
196 139 178 
184 99  159 
230 15  198 
127 106 87  
177 176 63  
222 80  127 
16  239 203 
67  104 62  
26  226 35  
133 27  150 
35  112 225 
241 68  183 
79  31  145 
137 230 108 
184 49  220 
5   187 244 
110 3   233 
56  119 165 
13  236 64  
221 229 35  
154 15  213 
2   42  21  
221 221 5   
134 201 157 
125 56  167 
101 58  3   
126 117 140 
200 61  78  
255 178 242 
22  48  188 
60  63  224 
116 3   100 
71  254 102 
115 170 91  
245 17  48  
236 33  58  
242 49  240 
40  81  215 
246 119 140 
242 128 134 
146 135 18  
32  20  77  
20  92  223 
180 200 193 
105 39  127 
174 169 142 
13  249 44  
24  122 215 
102 55  250 
252 70  236 
31  3   13  
68  78  15  
95  35  112 
179 154 64  
233 15  104 
113 206 60  
144 41  82  
235 18  62  
130 72  114 
240 51  37  
84  40  56  
84  73  253 
216 84  233 
124 127 49  
34  169 179 
165 207 193 
74  131 140 
194 218 85  
201 45  114 
68  30  11  
135 57  222 
46  49  66  
239 185 152 
55  217 227 
168 157 28  
247 13  202 
199 159 91  
74  70  99  
140 130 124 
109 176 147 
18  143 224 
130 14  135 
116 149 167 
129 118 0   
87  221 86  
192 51  51  
222 200 120 
148 105 91  
102 19  80  
185 81  132 
166 253 245 
132 37  70  
10  186 103 
21  24  92  
90  246 141 
244 238 99  
13  100 16  
229 9   39  
220 124 147 
219 14  65  
112 252 186 
74  111 243 
62  206 250 
79  116 137 
235 82  44  
98  161 175 
217 76  82  
146 138 106 
162 225 28  
118 117 193 
174 99  2   
93  86  65  
42  227 18  
98  7   206 
2   187 199 
107 212 140 
187 150 127 
68  171 197 
52  159 109 
73  145 17  
181 208 25  
103 47  45  
225 172 203 
92  139 73  
89  192 120 
113 85  176 
58  188 4   
50  72  18  
192 6   246 
203 143 231 
164 20  251 
13  53  149 
30  246 195 
81  253 102 
144 205 23  
173 64  116 
61  40  70  
58  163 10  
157 128 56  
92  184 55  
51  67  187 
73  238 130 
235 52  248 
63  99  248 
102 10  10  
52  105 27  
193 140 38  
219 225 77  
193 167 228 
84  187 208 
98  44  127 
230 64  118 
55  54  36  
142 228 145 
43  107 174 
79  223 199 
120 148 99  
128 184 210 
241 63  134 
143 135 87  
243 105 220 
240 155 87  
153 100 126 
49  198 233 
11  115 130 
113 126 62  
248 206 108 
159 142 26  
156 20  95  
86  25  76  
236 81  133 
47  14  203 
176 30  48  
219 106 124 
186 142 149 
109 208 209 
126 221 61  
145 109 197 
170 32  122 
169 20  219 
163 102 125 
10  28  42  
225 7   230 
196 107 163 
163 30  233 
197 169 7   
126 84  85  
54  150 87  
161 140 31  
91  249 154 
247 21  75  
99  160 73  
94  99  59  
235 100 208 
180 131 210 
31  58  214 
111 202 242 
194 171 81  
236 106 51  
127 86  147 
194 238 239 
78  58  205 
191 216 243 
225 6   190 
83  202 114 
68  159 136 
148 8   16  
61  149 227 
42  52  37  
16  73  35  
181 144 125 
173 230 204 
151 43  65  
125 132 172 
40  201 218 
58  12  174 
177 96  225 
164 180 233 
207 126 120 
233 43  146 
12  2   165 
25  209 224 
195 217 139 
6   142 1   
185 205 139 
84  34  169 
236 137 177 
175 8   242 
130 84  9   
93  61  120 
228 56  163 
163 143 248 
102 142 110 
187 62  229 
14  43  57  
75  21  166 
83  159 121 
157 70  125 
241 58  163 
8   169 70  
34  231 58  
73  54  142 
217 243 229 
191 206 186 
215 80  41  
197 173 46  
176 9   148 
162 27  178 
25  211 132 
196 63  141 
25  2   206 
64  20  15  
239 76  237 
211 246 123 
205 32  127 
207 71  149 
188 127 67  
195 13  60  
58  143 209 
184 169 215 
125 105 191 
89  235 139 
89  208 244 
100 49  95  
64  203 82  
51  93  235 
208 101 15  
69  181 29  
231 244 62  
253 23  53  
72  189 133 
38  5   18  
30  206 243 
213 109 94  
15  97  108 
182 70  61  
154 43  44  
251 77  136 
240 95  74  
82  144 196 
147 81  73  
188 128 75  
82  247 17  
19  201 102 
131 195 238 
159 33  69  
143 132 93  
24  195 31  
31  80  219 
209 93  223 
150 172 236 
20  148 29  
150 97  13  
206 108 97  
195 202 93  
25  53  227 
8   127 22  
81  207 56  
253 155 45  
166 94  187 
73  34  185 
125 203 134 
17  40  238 
239 160 96  
214 193 201 
75  37  235 
78  243 201 
108 195 235 
23  22  67  
54  30  145 
97  100 53  
164 97  254 
215 176 169 
36  177 125 
114 117 248 
57  195 47  
0   190 160 
151 11  20  
127 156 95  
55  251 183 
155 26  204 
21  74  235 
247 248 185 
153 66  91  
6   148 235 
213 122 212 
153 191 24  
28  147 153 
118 128 48  
170 204 37  
143 231 75  
72  135 22  
176 129 225 
51  24  73  
197 19  22  
187 115 71  
3   151 52  
67  149 140 
143 192 179 
183 191 94  
136 103 101 
142 215 35  
123 175 142 
238 137 119 
157 201 27  
149 8   122 
114 148 59  
140 122 3   
159 151 252 
211 106 193 
21  0   187 
133 231 116 
230 179 142 
40  12  184 
85  140 240 
32  42  41  
5   89  80  
132 204 186 
84  70  92  
195 66  155 
66  167 24  
216 140 7   
123 96  33  
1   169 200 
84  105 175 
57  184 86  
220 22  53  
225 117 223 
91  41  170 
86  247 155 
201 224 228 
112 178 45  
36  118 139 
27  47  20  
181 216 139 
136 254 71  
157 116 24  
166 191 153 
74  109 147 
226 101 121 
150 164 250 
105 248 36  
202 73  171 
90  126 110 
186 244 152 
160 220 158 
170 127 73  
129 197 31  
204 9   53  
246 25  236 
107 248 98  
104 59  0   
37  204 72  
114 72  57  
188 30  103 
170 60  104 
109 50  27  
166 97  133 
205 202 131 
186 159 65  
152 79  166 
27  130 110 
245 107 19  
110 19  241 
35  157 173 
246 224 61  
135 120 102 
204 184 135 
144 137 23  
239 13  51  
241 23  182 
20  253 41  
30  62  145 
115 107 21  
21  14  101 
13  185 189 
205 181 99  
23  240 245 
235 233 124 
147 139 214 
145 252 145 
64  27  66  
87  108 96  
97  117 224 
213 198 53  
16  54  18  
72  58  213 
27  183 143 
51  51  28  
147 205 174 
17  198 56  
158 233 132 
112 225 158 
42  110 94  
11  122 248 
139 91  65  
189 51  194 
54  161 118 
107 38  86  
17  177 78  
44  223 145 
9   42  160 
95  171 93  
250 185 172 
112 189 186 
9   125 107 
111 231 35  
248 143 121 
217 206 102 
37  129 20  
19  226 65  
48  243 229 
142 138 93  
124 137 147 
144 58  143 
7   233 84  
11  111 90  
75  143 233 
23  203 36  
43  146 212 
222 198 170 
23  179 168 
31  163 140 
229 74  192 
157 183 11  
27  242 195 
2   36  75  
157 2   181 
42  143 194 
244 42  150 
214 122 146 
174 222 181 
42  79  254 
138 78  56  
142 63  64  
107 18  153 
195 121 108 
65  229 255 
80  108 28  
113 249 187 
148 22  26  
96  200 84  
24  131 80  
46  118 228 
249 11  145 
193 27  185 
141 250 39  
177 143 115 
128 157 44  
186 140 23  
34  234 10  
180 70  207 
166 65  190 
74  202 76  
112 247 184 
231 186 14  
214 168 100 
135 72  244 
211 130 196 
125 127 229 
162 10  167 
71  51  119 
67  13  84  
252 58  210 
67  178 213 
13  177 82  
115 237 24  
64  127 136 
78  201 160 
53  91  169 
47  54  136 
209 238 155 
184 103 247 
98  251 13  
242 227 97  
102 139 108 
12  214 36  
40  137 138 
198 69  97  
185 94  85  
234 41  38  
245 99  244 
97  173 64  
140 75  24  
195 253 80  
69  204 114 
124 92  242 
251 51  133 
210 141 34  
5   167 75  
117 170 28  
3   74  106 
94  252 102 
71  116 239 
39  118 211 
83  186 191 
45  221 142 
39  139 72  
9   205 155 
82  121 18  
75  7   77  
252 150 65  
133 221 158 
112 103 47  
252 151 116 
195 84  151 
154 27  44  
176 171 20  
254 69  14  
199 139 223 
181 178 115 
117 78  19  
3   235 190 
149 78  216 
203 46  127 
140 24  72  
109 82  87  
31  112 242 
186 106 116 
122 170 61  
75  62  188 
46  72  30  
225 183 9   
7   221 219 
148 189 250 
12  166 215 
253 77  71  
11  89  148 
162 171 163 
114 20  112 
70  245 131 
119 120 206 
241 137 108 
175 80  159 
201 247 152 
165 92  145 
24  127 9   
25  9   74  
8   65  105 
228 78  116 
7   174 72  
185 218 144 
207 217 150 
62  89  196 
129 186 108 
49  131 27  
89  133 125 
140 38  246 
220 151 204 
240 110 164 
163 183 116 
188 26  79  
248 147 171 
153 97  198 
14  190 68  
97  173 208 
125 164 89  
175 127 7   
59  42  232 
123 13  103 
89  243 138 
133 132 35  
34  127 134 
135 243 84  
120 168 245 
101 64  155 
116 30  173 
202 196 216 
196 247 48  
254 84  125 
51  111 209 
217 235 36  
94  106 202 
19  44  117 
143 83  3   
108 116 128 
30  112 169 
97  60  20  
2   200 244 
100 237 186 
73  38  166 
208 126 95  
174 221 44  
25  121 209 
145 100 102 
222 43  155 
245 217 133 
232 53  226 
82  10  123 
71  184 86  
89  166 238 
252 206 82  
9   140 187 
248 19  185 
150 131 94  
92  98  60  
23  188 223 
54  30  12  
254 233 21  
53  151 29  
184 214 94  
10  108 137 
20  189 26  
105 250 189 
61  209 139 
239 58  102 
106 183 241 
87  154 96  
145 227 237 
190 176 28  
191 17  155 
235 227 45  
234 85  222 
216 88  252 
83  116 210 
233 191 222 
206 136 103 
149 222 244 
142 31  133 
117 234 168 
73  72  89  
237 9   158 
209 88  145 
230 149 108 
108 79  175 
100 249 137 
154 23  194 
204 63  31  
8   28  35  
58  163 203 
222 240 9   
63  207 119 
172 246 14  
211 137 198 
162 65  253 
106 244 214 
219 58  132 
100 189 58  
219 157 151 
86  193 123 
146 236 175 
223 23  139 
135 120 41  
251 131 230 
249 125 107 
31  180 83  
12  18  160 
131 229 139 
103 217 35  
87  179 43  
208 168 250 
224 71  187 
156 179 235 
183 43  181 
24  217 9   
145 90  206 
57  20  221 
96  111 237 
37  85  105 
177 255 148 
130 34  184 
138 133 176 
140 204 191 
64  97  254 
88  45  182 
243 227 140 
214 21  51  
181 81  8   
112 255 172 
138 107 202 
88  158 47  
195 225 233 
217 99  104 
92  169 185 
83  19  88  
106 67  125 
172 246 70  
190 75  60  
79  81  205 
65  227 242 
20  45  20  
187 224 150 
179 141 158 
1   194 177 
129 166 40  
191 212 116 
168 191 143 
85  20  143 
40  179 190 
133 171 59  
48  84  13  
225 29  52  
190 36  151 
61  125 147 
129 20  112 
144 72  202 
116 84  206 
1   178 51  
167 81  115 
33  136 234 
53  118 252 
122 253 238 
89  81  240 
244 243 195 
29  32  143 
205 158 254 
27  252 223 
17  156 139 
61  23  103 
203 211 143 
148 200 144 
121 176 42  
141 93  178 
89  158 142 
48  229 40  
176 211 36  
50  120 9   
29  190 179 
249 164 89  
138 188 199 
241 4   202 
105 231 204 
178 45  101 
53  15  150 
242 123 183 
108 67  76  
53  97  84  
134 122 244 
184 67  207 
150 46  19  
14  11  116 
136 18  20  
96  248 108 
75  44  126 
87  78  18  
66  239 31  
24  250 157 
203 46  177 
214 74  118 
199 5   167 
227 58  197 
97  5   35  
84  16  35  
132 68  75  
139 64  116 
202 38  107 
63  200 79  
196 243 171 
229 128 133 
231 159 74  
131 32  160 
135 73  143 
76  222 120 
166 89  248 
164 247 41  
132 77  82  
87  127 17  
45  144 178 
31  73  164 
124 239 147 
220 209 49  
73  143 131 
3   93  240 
192 102 30  
42  221 243 
21  175 81  
202 45  204 
5   204 24  
130 203 10  
237 145 43  
124 22  213 
102 247 105 
213 181 89  
149 154 210 
7   192 189 
185 153 110 
196 176 211 
165 175 133 
215 79  205 
23  154 223 
212 23  149 
55  49  16  
189 201 157 
165 180 253 
241 27  65  
211 59  23  
254 202 17  
168 80  0   
37  135 156 
154 26  158 
184 102 150 
200 160 191 
153 216 107 
178 13  220 
125 95  158 
163 253 161 
203 124 138 
241 61  65  
41  135 88  
148 130 195 
17  105 77  
204 255 197 
7   119 180 
196 233 106 
77  225 26  
129 72  114 
36  112 150 
114 165 170 
241 131 71  
130 112 51  
241 144 89  
127 63  87  
54  150 48  
36  43  223 
31  57  134 
60  245 43  
152 145 156 
137 196 128 
183 190 213 
119 144 57  
148 237 81  
203 155 232 
120 80  100 
195 133 145 
165 46  245 
105 224 118 
116 39  53  
7   79  52  
124 47  40  
246 144 36  
237 243 237 
73  11  58  
126 173 222 
255 176 212 
108 133 203 
187 84  65  
130 22  1   
60  201 220 
35  185 230 
5   96  24  
203 147 70  
250 163 207 
133 166 171 
213 91  171 
67  82  79  
199 69  141 
34  8   149 
164 3   49  
249 24  2   
95  43  140 
199 236 45  
202 132 148 
221 7   40  
214 201 104 
214 157 68  
197 149 32  
186 172 73  
7   64  169 
226 207 111 
196 211 111 
115 76  197 
60  95  211 
141 10  195 
122 92  148 
129 111 54  
30  220 179 
166 88  210 
33  175 134 
172 172 5   
222 211 232 
126 49  229 
204 195 206 
8   182 75  
164 127 175 
138 166 123 
240 101 116 
51  166 234 
55  54  243 
62  204 0   
53  214 38  
204 138 234 
237 170 148 
39  107 209 
121 165 169 
54  46  24  
213 94  246 
74  231 112 
37  201 133 
142 42  220 
35  101 204 
188 110 3   
180 1   235 
233 44  91  
219 98  38  
130 99  19  
128 112 233 
210 134 205 
193 188 185 
171 9   129 
207 115 209 
3   250 31  
128 32  109 
170 114 203 
29  197 230 
98  196 204 
24  59  44  
248 170 129 
170 214 72  
62  232 248 
140 184 232 
234 31  1   
70  103 34  
202 190 205 
204 120 237 
207 84  122 
92  106 17  
217 186 26  
224 16  105 
77  198 31  
61  24  214 
219 128 41  
85  136 57  
253 29  169 
173 83  63  
23  39  224 
236 81  245 
68  150 19  
179 61  82  
42  204 26  
129 134 61  
115 175 145 
156 24  187 
191 89  71  
56  102 69  
34  20  209 
80  95  119 
144 151 66  
238 17  158 
200 201 117 
217 38  194 
156 114 113 
223 130 70  
159 153 207 
49  174 61  
169 139 35  
147 205 242 
182 190 222 
74  76  99  
252 3   37  
13  153 154 
87  208 136 
99  123 45  
87  133 166 
54  223 70  
155 242 25  
137 62  3   
52  148 76  
134 228 23  
74  59  252 
106 187 230 
63  23  150 
245 115 152 
247 98  184 
98  21  219 
24  34  116 
33  95  70  
92  174 45  
191 137 154 
73  5   36  
191 56  92  
242 28  15  
87  204 119 
133 154 79  
70  76  227 
212 208 162 
76  162 144 
35  202 99  
218 225 250 
213 193 182 
29  194 55  
217 96  50  
118 176 98  
223 159 229 
240 233 161 
188 19  203 
93  164 76  
142 8   12  
30  61  208 
119 205 152 
194 211 102 
12  235 6   
255 227 189 
203 64  185 
181 188 34  
47  59  175 
247 227 202 
70  171 159 
80  194 73  
208 216 24  
192 58  102 
71  232 235 
34  232 192 
109 185 7   
250 64  1   
49  185 135 
220 206 153 
2   94  178 
240 60  50  
238 83  6   
57  236 92  
35  117 187 
171 69  38  
167 43  57  
50  13  150 
94  202 109 
60  91  75  
193 0   17  
98  13  163 
207 116 56  
69  197 61  
26  40  188 
183 214 184 
4   61  106 
200 173 240 
132 31  250 
90  152 51  
18  81  47  
52  249 30  
130 76  191 
223 71  38  
247 42  203 
173 107 243 
65  22  14  
176 89  32  
50  186 21  
154 251 247 
217 38  20  
182 193 62  
160 218 54  
116 116 59  
196 254 131 
73  38  113 
153 243 163 
205 77  199 
158 186 49  
90  104 17  
75  234 88  
158 201 66  
30  37  240 
222 84  162 
86  80  86  
213 81  226 
84  254 175 
125 165 230 
167 201 94  
30  16  150 
36  139 209 
123 62  35  
153 188 238 
241 208 113 
2   95  205 
229 166 180 
73  61  124 
220 19  90  
239 104 6   
0   196 213 
57  55  241 
17  117 241 
179 59  236 
238 219 170 
39  221 104 
50  65  196 
91  162 83  
161 199 145 
47  82  40  
91  81  178 
245 102 18  
5   121 170 
31  150 222 
112 42  158 
139 89  223 
104 176 163 
26  179 30  
168 87  88  
93  167 106 
44  248 199 
112 40  28  
89  5   199 
97  94  183 
176 232 73  
187 149 166 
6   223 91  
255 58  192 
123 151 205 
61  168 101 
166 43  178 
9   181 74  
170 95  55  
120 71  84  
53  37  136 
248 78  7   
155 213 183 
15  254 128 
128 155 228 
109 25  237 
218 7   20  
220 170 0   
44  201 127 
230 135 213 
75  248 56  
81  102 55  
8   119 120 
192 118 87  
152 88  252 
19  181 73  
148 79  53  
109 123 228 
221 136 53  
212 241 218 
209 131 156 
245 110 36  
145 205 254 
113 243 14  
74  159 115 
178 55  145 
184 210 71  
76  3   188 
98  171 19  
71  215 83  
70  99  158 
234 2   244 
224 132 83  
225 184 94  
213 103 60  
207 213 180 
183 123 179 
177 57  202 
138 31  82  
153 19  229 
26  47  199 
168 116 114 
68  157 148 
90  242 155 
191 167 230 
117 82  207 
7   134 6   
59  111 141 
114 178 20  
188 210 22  
167 11  6   
78  188 210 
222 131 44  
151 148 143 
183 36  154 
178 238 221 
150 135 81  
81  172 55  
180 15  251 
237 231 187 
106 138 149 
97  164 153 
109 8   97  
133 128 139 
232 9   234 
164 209 233 
181 74  16  
224 250 61  
47  217 73  
223 219 98  
75  69  162 
93  166 142 
251 248 33  
115 135 224 
9   32  150 
178 211 66  
237 179 2   
98  199 192 
76  113 25  
136 248 164 
26  248 138 
130 3   247 
162 59  19  
84  34  59  
215 252 143 
255 168 113 
186 39  117 
119 159 205 
195 17  141 
22  241 171 
135 6   193 
153 235 153 
20  192 81  
15  245 147 
182 135 217 
66  218 207 
37  45  230 
123 241 159 
82  52  12  
185 6   83  
64  172 191 
175 215 44  
181 178 93  
33  123 179 
168 159 38  
127 22  24  
177 57  22  
208 160 101 
234 146 228 
63  171 162 
255 81  141 
242 104 68  
100 152 49  
247 103 128 
231 206 52  
94  186 77  
21  231 221 
229 130 65  
48  13  231 
184 29  149 
167 178 191 
55  96  229 
74  112 113 
199 167 142 
185 70  94  
9   162 186 
185 22  94  
24  39  122 
113 104 222 
156 112 121 
196 223 8   
211 144 46  
65  237 44  
217 4   160 
94  159 220 
220 168 12  
249 154 109 
5   122 17  
84  161 236 
45  242 58  
13  61  163 
196 214 236 
184 94  185 
114 216 39  
40  11  160 
83  86  168 
141 126 65  
229 28  63  
240 60  47  
1   249 120 
179 14  71  
108 128 237 
26  228 128 
238 79  220 
20  3   226 
240 179 209 
177 20  213 
7   131 133 
15  239 72  
0   127 67  
163 49  106 
65  165 110 
36  1   220 
165 48  7   
140 147 169 
21  60  55  
224 66  116 
135 71  80  
198 97  142 
59  11  196 
11  14  239 
64  95  250 
176 171 87  
169 34  22  
16  208 247 
255 95  4   
61  201 111 
206 40  105 
172 1   18  
97  224 75  
192 242 156 
11  231 141 
218 98  238 
140 224 141 
246 31  104 
114 24  137 
253 120 237 
140 168 156 
84  33  204 
194 111 109 
79  72  239 
241 250 225 
146 1   35  
161 233 119 
137 84  95  
168 127 20  
119 151 77  
27  85  105 
211 213 128 
25  111 57  
230 109 33  
90  33  41  
237 57  248 
130 129 222 
41  213 24  
167 102 153 
158 223 157 
147 21  146 
124 72  55  
160 53  184 
93  17  126 
73  159 168 
220 2   61  
187 34  249 
62  66  52  
15  86  45  
17  218 13  
251 17  227 
30  136 107 
18  29  38  
249 102 93  
240 64  233 
17  91  171 
228 177 14  
23  79  160 
244 148 139 
11  143 106 
84  20  143 
91  241 48  
163 40  173 
205 143 87  
139 57  127 
50  54  191 
154 19  55  
19  219 223 
106 240 28  
209 179 255 
116 121 237 
251 195 4   
35  19  139 
189 3   143 
2   212 143 
183 101 94  
22  240 142 
158 99  41  
201 131 52  
117 228 113 
238 249 133 
69  142 9   
192 147 227 
142 233 49  
251 171 167 
250 219 160 
74  204 114 
238 95  211 
208 188 129 
10  148 121 
114 254 163 
195 106 214 
32  135 174 
144 152 106 
101 141 124 
104 167 80  
213 187 216 
131 51  255 
52  58  230 
147 170 124 
113 66  238 
0   60  35  
202 52  137 
189 181 131 
169 111 166 
216 112 16  
42  94  230 
210 181 139 
63  108 53  
92  14  120 
237 226 181 
25  129 253 
32  226 77  
104 179 243 
251 245 128 
101 85  26  
190 233 87  
173 118 171 
137 236 128 
125 140 192 
174 49  242 
67  71  70  
83  127 183 
200 156 121 
132 113 171 
110 132 20  
25  92  78  
60  87  196 
238 16  253 
174 221 121 
94  239 48  
135 96  167 
15  17  139 
13  105 156 
95  111 230 
126 235 116 
29  68  155 
165 8   80  
82  43  180 
199 184 218 
61  170 214 
111 250 66  
224 22  245 
194 81  48  
158 40  61  
82  192 100 
227 145 179 
188 131 253 
212 111 111 
107 50  152 
99  120 138 
86  25  202 
118 42  25  
153 225 160 
207 110 190 
50  223 43  
249 105 189 
76  174 69  
120 108 154 
223 214 11  
207 77  166 
142 171 198 
82  135 10  
6   180 55  
187 244 42  
82  49  131 
237 1   123 
214 158 45  
119 167 34  
251 66  233 
176 147 242 
172 40  38  
136 66  167 
47  32  160 
88  249 107 
6   141 97  
95  227 14  
221 45  243 
176 189 116 
170 42  177 
180 213 37  
140 5   127 
146 71  9   
17  64  73  
31  190 174 
229 217 30  
30  37  177 
25  234 198 
247 7   27  
131 14  21  
56  151 216 
235 92  125 
111 140 139 
250 22  125 
70  93  111 
41  93  6   
238 132 5   
37  141 239 
42  196 193 
92  7   8   
173 178 243 
179 150 115 
126 238 152 
156 188 70  
151 204 225 
244 120 169 
14  97  144 
127 107 233 
92  43  118 
223 115 56  
155 210 186 
71  4   15  
215 180 178 
103 232 118 
205 51  116 
71  56  149 
161 6   105 
0   168 89  
120 250 135 
150 117 32  
246 228 255 
107 155 157 
18  179 129 
247 33  113 
199 228 101 
201 149 54  
116 200 84  
7   21  234 
31  88  83  
223 116 248 
208 142 48  
168 92  91  
186 124 198 
165 126 132 
242 147 157 
172 44  17  
226 225 188 
21  249 117 
187 39  219 
197 37  32  
141 25  47  
50  10  203 
218 40  126 
172 200 239 
180 163 78  
86  210 151 
204 18  68  
143 57  5   
246 24  2   
192 198 232 
21  70  57  
192 56  18  
108 151 160 
92  78  244 
191 153 13  
156 93  65  
206 109 234 
212 161 138 
19  31  180 
184 147 188 
199 8   76  
216 223 183 
150 56  63  
82  215 126 
148 29  84  
169 112 182 
70  220 249 
246 49  96  
227 24  113 
235 155 29  
21  35  197 
110 241 94  
233 196 239 
172 105 69  
166 23  183 
240 46  41  
196 58  50  
175 188 249 
70  189 240 
130 123 242 
20  14  49  
253 170 99  
45  96  190 
176 236 116 
212 184 54  
174 31  50  
246 32  243 
112 72  67  
125 64  212 
243 178 16  
91  187 133 
85  143 83  
93  45  40  
103 198 66  
52  154 102 
242 174 203 
52  174 83  
151 228 160 
177 31  165 
145 129 11  
15  9   54  
207 87  184 
214 44  198 
20  9   250 
105 68  112 
38  9   61  
55  247 93  
43  238 149 
127 18  148 
203 157 181 
245 12  241 
183 55  180 
243 0   175 
145 205 98  
249 162 15  
124 71  30  
164 223 249 
184 5   112 
110 34  172 
14  26  208 
204 116 217 
254 63  96  
131 244 191 
245 193 137 
90  93  31  
230 32  180 
98  140 31  
33  27  153 
145 70  124 
70  83  219 
107 181 153 
149 213 234 
225 77  69  
23  37  94  
181 28  85  
79  164 78  
4   178 104 
119 98  75  
198 31  106 
117 192 10  
92  194 174 
2   110 226 
144 215 190 
198 163 163 
140 4   50  
82  166 126 
175 98  35  
63  2   232 
84  165 33  
212 248 197 
225 117 175 
11  12  64  
178 33  179 
205 192 18  
197 34  92  
176 225 52  
53  51  105 
171 230 34  
216 230 223 
119 85  63  
163 254 136 
144 53  254 
172 246 204 
27  229 212 
206 123 212 
27  252 40  
105 201 234 
181 249 176 
179 37  145 
121 234 8   
137 232 212 
231 92  98  
212 226 183 
172 38  152 
207 245 208 
71  248 23  
214 52  116 
26  174 78  
136 249 243 
14  213 169 
94  161 230 
88  241 73  
6   243 117 
1   84  234 
39  96  25  
55  175 191 
88  157 81  
158 167 45  
103 68  62  
15  15  166 
78  127 33  
138 148 22  
100 236 45  
75  1   161 
172 57  55  
58  106 163 
81  43  29  
53  213 45  
172 12  255 
224 66  121 
109 181 162 
2   28  11  
186 170 147 
152 122 115 
94  11  230 
32  190 239 
106 63  159 
211 110 103 
202 168 43  
191 92  106 
189 191 119 
3   121 59  
55  108 128 
157 232 21  
148 114 118 
135 43  40  
36  72  194 
21  129 254 
116 188 153 
216 203 76  
104 42  214 
106 148 87  
124 48  91  
244 15  118 
201 42  37  
80  47  92  
163 215 210 
10  26  45  
224 246 87  
187 168 133 
53  189 9   
103 182 1   
43  122 82  
235 110 236 
143 189 160 
161 210 21  
115 212 117 
184 46  0   
25  141 162 
1   62  237 
96  118 17  
26  41  107 
132 12  166 
53  164 116 
89  156 40  
251 212 64  
69  202 41  
53  202 80  
161 241 104 
63  177 104 
81  216 41  
117 6   105 
175 124 105 
20  108 78  
26  209 5   
76  0   182 
205 208 38  
119 57  200 
201 41  148 
164 175 75  
243 115 186 
6   108 72  
188 180 131 
227 141 160 
229 141 91  
12  89  68  
66  121 243 
24  28  34  
138 213 155 
202 109 226 
149 183 82  
105 158 255 
143 184 220 
2   141 232 
23  56  121 
188 16  45  
60  203 20  
201 174 226 
208 213 6   
164 103 187 
150 115 194 
141 181 148 
40  73  252 
141 14  92  
181 210 48  
100 144 161 
224 58  152 
43  158 48  
102 244 234 
151 148 124 
86  133 117 
31  223 213 
3   58  125 
110 25  143 
249 201 227 
235 255 173 
146 6   116 
61  84  170 
9   53  131 
23  17  113 
28  167 144 
175 116 174 
148 149 38  
164 200 246 
80  134 70  
81  255 121 
173 154 231 
177 115 61  
88  145 125 
97  109 19  
237 105 135 
107 60  193 
249 231 136 
215 5   26  
47  103 8   
57  156 252 
241 197 97  
180 247 106 
134 67  140 
40  33  58  
140 176 39  
138 187 17  
130 67  110 
147 100 162 
136 227 218 
75  168 113 
164 211 161 
23  68  129 
43  251 85  
86  216 182 
30  74  73  
182 103 217 
161 224 139 
190 58  122 
207 255 151 
73  242 41  
154 246 6   
221 247 183 
126 139 233 
43  135 126 
36  133 156 
25  10  236 
84  96  33  
34  127 186 
197 100 114 
244 26  146 
159 138 69  
144 105 34  
220 236 54  
90  154 193 
197 195 88  
219 194 45  
56  27  151 
38  36  29  
134 189 119 
25  244 140 
249 7   8   
245 17  7   
117 171 54  
255 148 116 
167 134 182 
46  92  1   
184 16  60  
11  216 51  
144 27  198 
81  184 96  
255 204 28  
240 86  242 
102 34  211 
127 239 56  
193 99  118 
66  3   198 
24  63  167 
74  124 132 
190 144 79  
98  106 253 
240 3   56  
190 108 149 
176 9   172 
170 43  166 
237 223 229 
175 113 188 
83  148 116 
220 183 97  
98  78  241 
68  71  58  
152 74  135 
200 73  105 
207 61  63  
195 75  104 
36  41  26  
60  39  222 
255 190 79  
158 89  34  
15  223 85  
48  26  87  
98  237 120 
190 229 120 
218 213 46  
50  43  167 
171 33  103 
15  92  151 
176 122 135 
14  159 238 
173 87  216 
76  188 244 
225 210 134 
194 52  227 
114 219 146 
11  114 186 
155 62  53  
160 156 96  
157 55  168 
11  115 117 
234 140 90  
196 57  46  
1   96  237 
188 157 0   
241 65  151 
184 26  18  
129 30  183 
14  79  172 
106 37  196 
101 54  23  
42  187 216 
126 70  177 
91  15  139 
61  231 29  
142 240 218 
94  186 216 
25  242 69  
166 169 161 
98  12  121 
101 185 105 
130 40  20  
168 18  206 
91  101 101 
118 194 82  
118 253 65  
218 20  196 
69  4   56  
180 165 153 
150 127 215 
137 114 40  
100 139 181 
197 153 4   
64  132 127 
42  128 236 
14  105 67  
101 158 6   
202 251 158 
2   31  95  
136 65  169 
46  20  235 
253 118 173 
19  247 119 
33  150 10  
166 156 70  
212 248 215 
72  245 92  
141 187 34  
137 47  154 
117 251 216 
228 7   56  
131 250 193 
88  124 72  
111 196 20  
39  22  62  
153 2   136 
34  133 184 
53  235 246 
66  68  248 
94  150 227 
145 124 203 
219 37  139 
125 103 213 
185 115 70  
55  218 127 
15  83  94  
166 197 242 
128 129 171 
25  193 227 
89  208 149 
189 16  39  
92  62  75  
123 147 62  
150 246 76  
220 163 85  
219 102 155 
238 211 122 
178 241 49  
107 254 238 
214 230 137 
151 59  214 
165 200 96  
132 127 196 
5   3   247 
194 29  203 
175 168 128 
164 98  22  
224 198 120 
166 254 62  
215 114 29  
147 251 215 
183 170 73  
121 112 231 
160 135 72  
149 50  65  
20  136 146 
183 47  0   
13  211 109 
209 62  153 
80  193 221 
174 127 50  
216 23  115 
1   165 68  
116 173 214 
77  196 188 
238 123 26  
90  115 10  
81  68  68  
45  98  228 
45  83  144 
189 185 169 
226 10  71  
224 214 162 
96  48  84  
31  72  157 
225 63  211 
121 21  139 
122 42  79  
54  174 45  
167 71  109 
91  36  251 
18  107 48  
100 113 185 
72  87  35  
69  248 133 
31  255 7   
232 138 66  
239 97  209 
158 143 159 
244 218 36  
66  37  57  
118 64  145 
253 79  136 
126 42  49  
230 150 140 
72  39  130 
251 158 125 
187 222 142 
37  157 238 
123 70  190 
61  194 29  
125 118 236 
87  222 102 
41  190 149 
187 250 24  
96  12  45  
76  154 26  
14  199 14  
86  220 30  
9   163 122 
245 179 92  
103 31  158 
153 240 7   
160 174 164 
78  222 245 
9   181 42  
206 141 62  
143 227 191 
142 41  177 
191 150 58  
68  243 114 
123 65  252 
145 176 42  
233 23  127 
222 170 127 
130 95  199 
133 155 216 
82  67  136 
223 26  154 
183 247 33  
211 91  89  
80  134 191 
244 106 187 
218 178 63  
80  37  253 
34  155 169 
130 156 79  
92  52  98  
164 173 148 
133 178 94  
48  233 30  
146 106 248 
249 39  123 
151 229 69  
184 89  122 
55  19  243 
232 122 228 
241 221 20  
234 167 169 
39  140 105 
160 198 101 
255 191 7   
0   83  147 
90  224 109 
87  25  196 
161 93  96  
41  7   175 
30  15  44  
245 108 0   
7   153 30  
79  47  42  
152 158 75  
254 228 162 
201 28  1   
43  211 88  
125 94  126 
192 70  69  
69  55  189 
139 183 96  
12  128 108 
190 185 99  
61  25  124 
225 180 35  
78  217 194 
91  195 98  
176 50  153 
15  88  108 
145 114 149 
202 125 222 
248 230 155 
113 189 94  
33  82  253 
52  25  56  
37  117 111 
44  166 25  
73  143 238 
43  150 94  
152 42  234 
181 223 174 
137 146 89  
78  194 220 
226 194 126 
164 213 69  
24  170 131 
61  111 35  
221 30  58  
185 116 140 
156 212 164 
192 249 24  
11  44  7   
47  64  98  
40  200 194 
50  247 223 
47  18  32  
63  183 196 
118 70  207 
50  63  233 
42  157 210 
247 229 246 
101 162 2   
140 32  59  
23  232 118 
61  71  245 
180 141 114 
101 218 0   
169 79  171 
30  229 29  
0   38  248 
165 97  82  
195 150 214 
91  170 22  
251 64  69  
169 83  68  
88  85  222 
53  6   4   
238 244 65  
41  54  50  
133 166 36  
120 198 238 
113 106 167 
102 246 76  
236 18  193 
197 50  109 
104 227 221 
152 157 96  
83  183 3   
36  104 153 
64  10  24  
151 84  231 
124 190 41  
201 247 48  
106 124 177 
199 153 83  
70  252 92  
36  191 7   
24  149 193 
72  193 150 
4   230 241 
47  7   182 
55  124 2   
94  177 246 
