[[[226 239 206 ... 156  50 183]
  [ 82  68 249 ... 122 164  38]
  [164 181 101 ... 232 194  42]
  ...
  [230   9 167 ... 211 170  46]
  [181  59 106 ...  83 254 148]
  [128   7  82 ... 155  99 231]]

 [[137  17  79 ...  12 244 160]
  [165 146 114 ...  58  78 136]
  [ 73  74 213 ... 127 230 155]
  ...
  [150 250  75 ... 183  17 223]
  [188  38 201 ... 221 154  27]
  [ 34  25 255 ... 105 104 245]]

 [[157  99 165 ...  53 187  95]
  [ 65 207   9 ...  83 235 110]
  [ 76 110 250 ... 162  75  93]
  ...
  [147 211 210 ...  43 193  69]
  [158 180 234 ...   7  44  64]
  [138 227  43 ...  58 136 129]]

 ...

 [[ 92 205  41 ...  41 209  44]
  [251 251  99 ...  17  93 117]
  [178 197 102 ...  10  88  52]
  ...
  [188 163 109 ... 163 133 201]
  [252  67 140 ... 101 179 200]
  [125 241 159 ...  39   1 102]]

 [[ 18   6  71 ...  90  71 178]
  [168 174 227 ... 247 244  21]
  [179  74  30 ... 160  30 255]
  ...
  [150  77 121 ...  25 102 220]
  [ 66 222 215 ... 246 169  71]
  [249   3 219 ...  88 215 211]]

 [[ 19 208 148 ...  63 165   2]
  [ 32 232 254 ... 194 137  32]
  [124 116 192 ...   3 127  45]
  ...
  [ 15 220  45 ... 162 200 184]
  [211 248  36 ... 140 101 112]
  [ 76 218 205 ... 143  99  33]]]